2.90008
2.875028
4.48469
3.967066
4.602614
5.523393
6.081716
5.628337
6.159955
6.159143
5.869881
6.30002
6.288767
6.139465
5.747868
5.146038
4.122313
4.799468
4.594669
4.274324
4.708939
4.581584
4.645567
5.137037
5.297951
5.348709
5.095706
5.080322
5.336301
5.245764
4.925411
4.672449
4.094597
4.174463
4.031415
4.381973
4.420954
4.347662
4.310281
4.397861
4.500452
4.349781
4.343831
4.123179
4.070046
4.173911
4.1727
3.756162
3.858798
4.102642
4.262468
4.252955
4.262162
4.319948
4.2494
4.199114
4.096811
3.909529
3.967252
4.104651
3.990592
3.910343
4.14112
4.26895
4.26685
4.355344
4.335231
4.727016
4.683952
4.365097
4.053345
4.088113
4.181768
4.225615
4.030232
4.025468
4.098083
4.235195
4.579652
4.24196
4.372093
4.346767
4.415016
4.457202
4.39924
4.54012
4.465622
4.379988
4.4855
4.844666
4.679663
4.756766
5.233436
5.751921
5.481853
5.906932
5.729446
5.30986
4.804577
4.78279
4.900476
5.190352
5.37643
5.093567
5.464157
5.410369
5.032714
5.188903
5.135868
5.06032
4.733347
4.861897
4.797596
4.621052
4.740454
4.891212
4.898082
5.249607
5.359314
5.343968
5.367641
5.338945
5.188476
4.890546
5.15483
4.710613
5.128821
5.21421
5.182181
5.136191
6.588822
7.519257
7.2543
9.292508
8.306819
9.208837
10.033283
9.469611
9.701656
10.096068
9.644585
9.307135
9.777765
9.305048
8.27644
8.264148
10.95771
14.53905
13.212381
18.180424
16.984255
16.512926
16.46851
17.948931
15.944838
17.161442
18.5982
17.999649
17.250456
17.117762
15.504861
16.944933
16.841612
16.506908
16.121315
16.375776
17.263256
20.733652
19.702183
20.902676
20.395479
19.793615
23.031898
23.129965
23.585051
25.230295
28.691257
28.016726
27.095736
27.780893
30.15991
31.986658
31.180639
34.792217
39.242176
39.696228
37.68948
34.300774
33.633545
31.08066
31.34609
33.449368
33.607258
35.584927
36.153118
37.04332
35.330311
33.724472
33.433693
35.18866
34.913754
38.194191
37.566944
36.882496
35.986954
37.15781
36.57925
34.357517
35.430832
36.141365
35.517223
38.27269
37.350479
36.79361
35.537544
34.460464
30.436436
29.982208
33.200386
32.661049
32.297894
34.373604
34.06686
37.027012
37.672878
41.164284
41.64603
44.65221
45.79723
43.430199
39.594013
41.365952
40.849308
41.626152
41.423397
40.497498
42.94791
42.640842
43.515968
41.537975
42.53595
37.347431
34.816669
35.444435
33.871029
32.988476
32.227985
28.932833
29.762489
33.406628
34.703159
33.967552
35.968155
36.540665
36.929684
36.65453
37.255207
34.853508
40.495045
41.533466
39.929852
39.832691
40.312843
36.541771
38.642284
34.031391
40.031654
47.945938
43.538631
42.631512
38.710159
40.645355
25.227142
29.15057
24.46397
22.014524
18.029442
23.199089
22.130131
24.549688
23.852982
21.410093
19.863375
20.473988
23.430927
22.810846
25.957727
27.013458
25.008299
23.816771
24.201599
21.626959
21.74527
23.184938
22.684816
20.985857
20.777037
22.076334
22.205357
24.760836
22.972176
22.511454
21.398895
20.355942
20.672363
15.769904
14.652412
16.14249
16.253658
14.467696
14.499612
15.015594
15.740378
16.25337
16.402195
15.278964
15.340774
15.553716
16.014027
15.235582
16.143564
16.85779
15.337748
15.669269
15.290839
15.482435
14.873133
14.18965
13.79957
13.084849
12.053826
12.292176
12.682146
11.425251
10.981212
12.305879
13.161491
13.397968
13.805341
13.7126
13.951712
14.376072
14.538835
15.236948
15.838523
16.847204
18.413965
18.017284
17.336826
19.163094
19.132372
20.400679
20.967094
19.676132
20.620972
20.608009
21.402422
20.754807
22.714149
22.861027
23.174017
24.535856
23.53364
23.948135
26.548628
28.146954
27.873337
27.736874
27.89131
25.081446
25.935373
23.981495
26.569754
25.966742
25.732918
26.04472
31.47002
33.139481
31.814713
33.674274
32.417515
34.408791
34.311203
27.825745
27.708794
29.835569
29.215357
31.594603
35.774338
34.76799
37.375801
36.463394
35.54755
33.021385
34.898865
33.801334
28.05183
26.316502
31.611773
33.544739
30.842344
29.843185
28.828663
27.772104
26.333828
27.274256
28.58062
31.968777
32.122108
32.105255
31.042126
31.427458
32.289612
33.974548
33.372894
36.327404
34.466419
34.184631
35.159767
41.616932
40.7551
43.157112
41.757626
42.073952
41.18367
41.384014
44.348656
42.846519
43.449368
44.049973
42.385658
44.526623
44.883873
40.410454
41.861691
44.073624
42.747833
42.742096
49.982254
51.631351
53.443703
53.881733
51.894672
52.009216
52.277981
53.348457
50.779362
46.87133
47.647625
45.880806
47.129055
46.401821
44.688717
40.899315
42.708294
39.045967
41.261021
42.060429
42.005707
39.447872
40.791042
39.369419
38.455948
34.385906
35.186699
35.765121
37.162655
37.960495
36.773266
35.757893
33.63953
29.368837
28.310139
28.249523
30.543865
29.870499
26.951921
26.453915
27.774729
29.60898
25.971106
26.168419
27.14576
26.043077
24.663027
25.490757
24.791401
24.050674
25.194195
27.216074
29.111094
28.139498
28.837757
31.332836
30.908672
27.907103
26.744373
27.567789
26.719675
28.583582
29.731167
30.105101
28.777731
26.796141
26.760822
24.92524
24.029129
24.627319
23.78006
25.54393
27.319494
25.82889
27.712864
27.736834
27.665129
25.727352
25.168928
24.129553
22.984886
19.646294
18.229856
18.828775
18.036749
18.348646
18.076839
18.134811
18.339581
18.710241
18.172527
19.420546
19.614204
18.796898
18.812508
20.424664
21.366989
21.903336
22.36451
21.689148
21.930412
20.635054
18.962442
18.818741
18.831486
18.714754
20.144676
19.801155
18.109921
17.845699
17.89226
16.93051
16.192122
16.564276
16.009569
16.170918
17.250305
18.024559
17.473413
18.941088
18.880503
18.593468
18.019323
16.75708
17.312721
16.978825
16.431496
16.953651
17.866676
16.979118
17.734423
18.153923
17.247932
17.695951
17.828997
19.053368
18.751732
18.991892
19.359505
18.638643
18.795271
20.252199
21.003956
21.245491
20.547285
20.887957
22.447863
21.970449
22.486179
22.468348
21.302511
22.016987
22.644535
23.208246
22.65777
21.789715
19.839634
20.426392
19.400885
19.787586
19.285307
17.188892
17.785879
18.1985
17.930796
18.350922
18.630079
17.780474
18.169546
18.896812
19.088778
18.185995
18.299129
18.732672
18.158657
18.11998
16.6506
16.948017
16.996513
16.16279
14.519939
15.381729
14.978443
14.727037
16.305258
14.581028
14.313102
13.775654
13.254074
10.767036
11.358492
8.956188
8.745313
10.4933
11.350681
11.795572
10.624635
11.034236
9.506676
10.041606
9.684748
9.992507
10.186108
9.886961
10.18118
9.866582
9.181025
9.131903
9.666282
9.980677
10.454896
10.366197
9.471385
9.89768
9.37693
9.430593
9.344997
9.49277
9.228157
9.003772
9.232093
8.652823
8.016177
7.450018
7.010198
7.365457
8.510279
7.099977
7.29432
7.058119
7.516708
7.886881
7.7422
7.408511
7.787092
8.205908
8.133731
7.835564
7.744108
7.310052
7.009116
7.039863
6.729926
6.825885
6.843847
7.173794
6.849418
6.92998
7.310357
7.07125
7.261516
6.8587
6.536404
6.298569
6.469764
6.718586
6.805499
7.175997
6.923593
7.684227
7.802578
7.464481
7.529248
7.309357
7.331505
7.413887
6.769232
6.766585
7.666439
7.861245
8.185587
8.208562
8.645671
8.194032
7.938991
8.007531
8.089339
8.813465
8.516014
8.646408
9.268289
8.906954
9.50207
9.208973
9.479537
9.290427
8.958502
8.802429
8.842569
8.359841
8.09457
7.325466
7.2331
7.438866
7.401979
7.638374
7.572387
7.587152
6.923963
7.048661
6.843182
7.282452
7.003431
7.026895
7.186678
7.302052
7.285171
7.370433
7.364228
6.879021
7.198487
7.390428
7.770865
7.785724
7.698151
7.661845
7.134012
7.203162
6.92655
6.896843
7.063627
6.445236
6.396911
6.280215
6.155727
6.447795
6.438069
6.278332
6.201147
6.550902
6.384196
6.393946
6.432816
6.31519
6.272257
6.1633
6.379697
6.494706
6.43524
6.33718
6.331759
6.307404
6.475232
6.261762
6.179375
6.176182
6.116868
6.044194
6.052941
6.18603
6.253135
6.158466
6.106726
5.885611
5.834851
5.848345
5.960239
5.915407
6.447359
6.46591
6.336137
6.521456
6.63376
6.652473
6.630904
6.473107
6.244959
6.425296
7.064493
7.019451
6.820865
7.121714
6.294656
5.413379
5.959507
5.750708
5.768753
5.753248
5.853861
5.918389
5.714191
5.670609
5.643681
5.602038
5.290356
5.189894
5.273523
5.433398
5.391868
5.26909
5.302001
5.298929
5.134754
5.308931
5.472572
5.402164
5.629523
5.501038
5.595657
5.48879
5.503152
5.299137
5.430401
5.294414
5.273628
5.167614
5.169509
5.276955
5.21521
5.226642
4.655857
4.710335
4.663687
4.476759
4.611708
4.480147
4.527611
4.472083
4.453765
4.493044
4.572048
4.480313
4.282459
4.310528
4.323476
4.314823
4.370816
4.489374
4.524364
4.630191
4.617662
4.686106
4.665955
4.801005
4.894874
4.918806
5.129979
5.229478
5.401746
6.024649
5.928098
5.810773
5.956206
5.648101
5.805565
6.255243
6.249409
6.205266
6.57702
6.186764
6.406066
6.47482
6.567625
6.398319
6.615759
6.188152
6.264369
6.466095
6.535533
7.011684
6.883106
6.644724
6.494799
6.942028
6.749274
6.231307
6.18969
6.278796
6.176514
6.121275
6.227574
6.609523
6.333875
7.278363
7.242686
7.443704
7.542163
7.24881
7.183219
7.089575
6.614422
6.540582
6.689604
6.588034
6.344936
6.534181
6.326915
6.033932
5.912604
5.980068
5.922527
5.851392
5.595502
5.380726
5.554636
5.507718
5.916477
6.115266
6.24384
5.885962
6.101113
6.635837
6.328587
6.470155
6.095547
6.383083
6.063481
6.32547
6.02803
5.908658
6.052051
5.873617
6.064447
6.180756
6.118804
6.341024
6.409517
6.267229
6.432228
6.4417
6.404034
6.280776
6.18478
6.135957
6.216215
6.29045
6.425752
6.415193
6.642448
6.734031
6.806903
6.833064
6.695543
6.922027
6.319921
6.11123
5.851494
5.953292
5.917685
5.891438
6.001256
5.852432
5.971175
5.948595
6.040212
5.901271
5.667923
5.718678
5.778507
5.669314
5.853751
5.653783
5.641277
5.375893
5.328574
5.470532
5.285426
5.345988
5.351904
5.354409
5.320286
5.299292
5.413901
5.341459
5.370039
5.414481
5.27344
5.312617
5.40073
5.260034
5.244405
5.248437
5.337991
5.508674
5.460806
5.443802
5.317827
5.21067
5.279885
5.330342
5.319442
5.073203
5.208307
5.0222
5.026038
4.982105
4.526294
4.521619
4.532446
4.622073
4.56985
4.377184
4.416847
4.526131
4.530963
4.522422
4.668924
4.829426
4.830628
5.100215
5.007447
5.194805
5.026731
5.095864
4.883012
4.986261
5.171703
5.349747
5.501915
5.419309
5.34722
5.209113
5.026049
5.114978
5.126468
5.079419
5.135243
5.211542
5.148021
5.545455
5.452579
5.431672
5.306897
5.303729
5.179271
5.197084
5.349978
5.489811
5.308442
5.397667
5.215538
5.176484
5.237876
5.233479
5.216774
5.2521
5.186025
5.108363
5.198036
5.057541
4.979019
4.988202
4.969211
4.998167
4.960562
5.060579
5.05428
4.999232
5.003922
5.034986
4.986303
4.988302
4.812484
4.666007
4.437964
4.511816
4.517585
4.519974
4.433643
4.420719
4.488097
4.421587
4.486454
4.50444
4.492393
4.606012
4.672861
4.536326
4.26945
4.215832
4.261871
4.261633
4.253158
4.256727
4.269389
4.28674
4.249899
4.239696
4.151951
3.98712
3.986928
4.002867
4.058726
4.141959
4.185609
4.074598
4.108243
4.156242
4.139903
4.013979
4.019402
4.03254
3.990195
4.064115
4.014101
3.990727
4.074661
4.077262
4.105618
4.261009
4.123762
4.074247
4.047316
4.022738
4.072149
4.056447
4.014286
3.877219
3.812432
3.738058
3.673597
3.721198
3.736276
3.754978
3.786211
3.675057
3.656549
3.648878
3.721275
3.904405
3.964716
4.348273
4.186614
4.285054
4.236406
4.13936
4.180108
4.312546
4.527799
4.45118
4.73091
4.635324
4.615494
4.691026
4.77322
4.968373
4.931488
5.053585
5.087355
5.300801
5.553165
5.70789
5.368368
5.202727
5.566057
5.358422
5.242203
5.29122
5.444248
5.304598
4.889389
5.172865
5.133638
5.243342
5.330086
5.325129
5.161478
5.270678
5.168089
5.465794
5.47504
5.573881
5.546575
5.626327
5.911572
6.043326
6.246666
6.839679
7.11762
7.341575
6.706697
7.123779
7.610178
7.521095
6.956743
7.085907
6.792213
6.875728
6.715219
6.942695
8.361507
7.969132
8.342115
8.647969
9.22866
8.819257
8.70307
8.450114
8.292625
8.370863
8.193987
8.598925
8.412696
7.641823
7.881476
7.445562
7.138831
6.895833
7.477948
7.11721
7.971061
8.170189
7.569274
7.612985
7.327099
7.517787
7.49006
7.33296
7.007637
6.874605
6.898895
6.807318
6.332925
6.354431
6.459842
6.434463
6.672458
6.670247
6.839127
7.030882
6.841967
6.655736
6.791077
6.936225
6.83149
6.667228
6.726914
6.805707
6.93993
7.014666
7.191491
7.208863
7.096012
7.346063
7.362933
7.658267
7.778054
7.657582
7.704354
7.850059
8.029155
7.733206
7.468303
7.482891
7.563416
7.809398
7.923062
8.104343
8.371495
8.342619
8.255025
8.67423
9.436101
9.79744
9.911171
9.330388
10.514227
10.422066
10.665132
10.522543
10.278813
11.036377
10.726625
11.321082
11.542902
10.838364
9.696842
10.115609
9.907398
8.764359
9.491859
9.172894
8.919258
8.982089
9.369309
9.737619
9.690575
9.443778
9.516781
9.596235
9.433737
9.642626
9.161061
8.578613
8.433555
8.490893
8.389035
8.494186
8.706726
9.044649
8.660052
8.418901
8.379441
7.241089
6.417978
6.869346
6.712531
6.700047
6.579627
6.785523
6.687658
7.234263
7.135029
7.477911
7.244587
6.930155
6.862369
6.758217
6.798635
6.723606
6.591733
6.422238
6.883043
7.285116
7.255101
7.12706
7.306784
7.122262
6.996739
6.990119
7.05012
6.749962
6.659228
6.620379
6.665498
6.478902
6.96348
7.029125
7.196756
7.161953
6.937535
7.57503
7.613662
7.454471
7.200774
7.244291
7.428138
7.547234
7.628291
7.367073
7.172422
6.99786
6.987147
7.058612
6.98904
7.010249
7.187405
7.248728
7.142014
6.657767
6.388424
6.522763
6.507447
6.379897
6.741717
6.360072
6.162761
6.221013
6.388068
6.073915
5.775651
5.794212
5.640769
5.611062
5.74787
5.644892
5.724685
5.842495
5.793277
6.281444
6.174601
6.07234
6.208573
6.330221
6.514821
6.069333
5.559064
5.665741
6.241476
5.906263
5.944755
6.11408
6.098881
5.904893
6.099208
6.244008
6.328078
6.498557
6.344223
6.259861
6.093573
6.346135
6.33713
6.419742
6.107129
5.91887
5.748385
5.753999
5.870022
5.831084
5.721426
5.654067
5.522172
5.38533
5.342949
5.1222
5.043666
4.683842
4.208275
4.506932
4.570663
4.880883
4.787671
4.756072
4.496322
4.587266
4.549483
4.386328
4.282611
4.295183
4.364744
4.391077
4.483818
4.533686
4.669815
4.693691
4.898672
4.986936
4.824508
4.562509
4.380867
4.258795
4.250733
4.278486
4.258484
4.073628
4.208609
4.06291
4.109952
4.016058
3.959471
4.076633
4.164106
4.285942
4.256246
4.191652
4.292721
4.425521
4.43915
4.401869
4.198472
4.156425
4.169035
4.255255
4.337358
4.466026
4.314035
4.45547
4.640799
4.635497
4.816284
4.892055
4.805896
4.768428
4.437086
4.159007
4.103808
4.127107
4.193617
4.137217
4.188561
4.13506
4.097924
4.023732
4.066134
4.167765
4.207736
4.157304
4.37305
4.403149
4.316715
4.188974
4.306359
4.433904
4.571723
4.377029
4.321436
4.194596
4.20468
3.987554
4.02981
4.124961
4.130047
4.189741
4.191606
3.956449
3.906809
3.901506
3.788589
3.747167
3.857814
4.117689
4.163137
4.331413
4.632639
5.252133
5.710699
5.334293
5.076558
4.768951
5.140809
5.760856
5.416034
6.006414
5.805377
5.716892
5.937807
6.662623
8.508301
8.813535
8.244422
8.078128
8.464703
8.621153
9.03875
8.967268
9.307755
9.986505
9.829698
10.528637
10.524625
10.705371
10.629206
10.412902
8.513444
8.396628
9.006821
9.064153
9.090393
8.551412
9.02933
8.75137
8.476945
7.689222
6.965324
7.293115
6.970914
6.830101
7.367684
7.555827
7.49284
6.928015
6.897603
7.104069
6.862187
6.696668
6.634932
7.028347
7.16896
7.747455
7.684382
7.679115
7.766676
7.01523
6.761236
6.557372
6.736067
6.736469
6.628734
6.396489
6.664539
7.164988
7.150223
7.512493
7.043352
6.232108
6.374918
6.627902
6.440517
6.35404
6.315303
6.322443
6.184238
5.943115
5.655595
5.76353
6.126862
6.318369
5.921682
5.148262
5.18587
4.750216
4.692638
4.492767
4.590203
4.745229
4.772259
4.841084
4.808444
5.228727
5.132234
5.187249
5.023991
4.880806
4.888373
4.758246
4.882347
5.047636
5.05633
5.044674
4.95923
4.413651
4.633917
4.740311
4.926066
4.71297
4.6625
5.196682
4.473835
4.328348
4.52981
4.4342
4.403337
4.289371
4.016473
3.880054
4.037774
3.973095
3.980884
4.18088
4.352015
4.30527
4.375901
4.454756
4.542153
4.396971
4.493345
4.44477
4.49594
4.616263
4.639868
4.693815
4.628855
4.279853
4.052915
4.039505
4.022635
4.175402
3.969456
4.051624
4.032868
3.956534
3.677019
3.591476
3.371997
3.639357
3.462185
3.55925
3.71277
3.665758
3.671615
3.523083
3.557335
3.63049
3.678565
3.879328
3.879069
3.785083
4.017458
4.093156
4.26455
4.255543
4.267285
4.09562
4.238256
4.146282
4.068165
4.176703
4.163291
4.033396
3.920791
3.918757
3.967502
3.96707
4.441946
4.792687
5.31171
5.092446
5.072291
5.20126
4.985312
4.768425
4.754538
4.610407
4.804838
4.596533
4.675635
4.744808
4.94642
4.554623
4.547797
4.525113
4.468652
4.537437
4.574983
4.341346
4.048574
4.081822
4.064272
4.145422
4.141016
4.01761
3.82619
3.890648
4.028442
4.024811
4.157788
4.28664
4.192241
3.928301
3.841652
3.785245
3.821891
3.85131
3.724775
3.622428
3.54791
3.437687
3.319669
3.152373
3.419878
3.437392
3.356422
3.297252
3.360437
3.404214
3.547438
3.399553
3.28379
3.54211
3.53974
3.357709
3.355696
3.395777
3.369814
3.448605
3.618808
3.883415
3.917196
3.888943
3.987302
3.950789
4.078707
4.157768
4.266907
4.229214
4.415105
4.491287
4.503505
4.547215
4.115472
4.000131
4.088868
4.124812
4.239684
3.948425
3.90293
3.806715
3.688586
3.552491
3.506547
3.603953
3.719923
3.61873
3.673978
3.863389
3.978263
4.139029
4.063409
3.86374
4.148654
4.281788
3.988957
3.891083
3.967054
4.056698
3.914813
3.715419
3.88034
3.793627
4.175913
4.226393
4.109204
3.735977
3.888248
3.834171
3.980491
3.776911
3.810158
3.742023
3.689127
3.817001
3.86439
3.766683
3.82886
3.825147
3.994867
4.045087
4.139012
4.213652
4.241763
4.320272
4.500833
4.322048
4.152834
4.255426
4.400456
4.537494
4.35848
4.358071
4.271019
4.036866
3.97311
3.994745
3.800548
3.927708
3.892598
3.996965
3.983713
3.907708
4.121088
4.308879
4.320178
4.201499
4.135801
4.387514
4.146092
4.197646
4.075096
2.962416
3.000315
3.24699
3.377107
3.25074
3.138686
3.015078
2.891856
2.932491
3.007835
3.087536
3.006513
2.921977
3.003082
3.078372
3.092259
3.196015
3.140187
3.053065
3.079661
2.873091
2.882334
2.96677
2.987847
2.583307
2.51361
2.672054
2.663944
3.24202
3.249525
3.232867
3.260984
3.052353
2.923365
2.86138
2.809766
2.831318
2.787378
2.661925
2.753823
2.688068
2.539591
2.34539
2.309507
2.255722
2.339354
2.294471
2.344442
2.337851
2.284993
2.260321
2.218578
2.042915
2.247906
2.366936
2.274136
2.127278
2.129086
2.091531
2.131414
2.291781
2.19413
2.067172
2.013027
2.039669
1.954909
1.901863
1.898476
1.811723
1.758516
1.848918
1.832777
1.799974
1.782675
1.763556
1.736646
1.6824
1.722188
1.913854
1.848762
1.822235
1.810838
1.789199
1.996028
2.161198
2.125039
2.13985
2.208401
2.23412
2.14312
2.109905
2.080213
2.090097
2.066166
2.05233
2.281716
2.226057
2.117048
2.119089
2.177091
2.06777
2.028562
1.896892
1.949451
1.924348
1.924222
1.926673
1.821654
1.874388
1.874989
1.867865
1.73265
1.686591
1.544033
1.496879
1.542801
1.49296
1.460707
1.244076
1.366792
1.372253
1.337104
1.318604
1.282279
1.254615
1.281533
1.329377
1.421081
1.356787
1.37555
1.346494
1.310888
1.286086
1.341352
1.358887
1.312303
1.264207
1.239688
1.65649
1.605569
1.599493
1.670639
1.537121
1.509255
1.530213
1.54219
1.530268
1.487706
1.446415
1.451653
1.492274
1.486178
1.521918
1.51659
1.464547
1.414059
1.439507
1.641374
1.621041
1.575649
1.524504
1.499886
1.464167
1.411508
1.419803
1.400362
1.361277
1.322859
1.290625
1.257209
1.25801
1.242303
1.25162
1.25502
1.236357
1.237379
1.25174
1.243014
1.242512
1.317573
1.268966
1.299742
1.305347
1.28747
1.223253
1.230543
1.165226
1.180588
1.330998
1.336267
1.273912
1.240328
1.2807
1.279801
1.271295
1.241378
1.253992
1.246564
1.262298
1.234196
1.229135
1.211277
1.203423
1.202725
1.226863
1.210111
1.228135
1.27931
1.318335
1.308385
1.371437
1.346077
1.382378
1.3629
1.33465
1.327873
1.362991
1.31739
1.268148
1.248543
1.249747
1.224282
1.247423
1.287756
1.25734
1.291695
1.24464
1.261219
1.248418
1.228858
1.212752
1.192103
1.187094
1.178
1.1775
1.1765
1.175
1.175
1.1735
1.1735
1.1735
1.174
1.175
1.1745
1.1735
1.1735
1.1745
1.174
1.174
1.173
1.1735
1.172
1.1715
1.172
1.1725
1.1725
1.1725
1.1725
1.1725
1.1725
1.1725
1.1715
1.1715
1.1715
1.1715
1.1715
1.17
1.168
1.1685
1.169
1.17
1.17
1.17
1.17
1.1675
1.166
1.165
1.1645
1.166
1.1665
1.1675
1.167
1.1665
1.166
1.166
1.163
1.163
1.162
1.1635
1.164
1.164
1.1645
1.1645
1.164
1.1645
1.1645
1.163
1.1635
1.1625
1.1625
1.1625
1.1635
1.1625
1.1625
1.1625
1.1635
1.163
1.1635
1.1635
1.164
1.165
1.165
1.164
1.1635
1.163
1.1635
1.163
1.162
1.1625
1.16
1.16
1.158
1.1595
1.1615
1.1625
1.1625
1.1625
1.162
1.162
1.162
1.1635
1.163
1.164
1.165
1.1665
1.1655
1.1655
1.165
1.1665
1.1665
1.166
1.1665
1.1665
1.1665
1.167
1.167
1.167
1.167
1.166
1.1655
1.1655
1.1655
1.165
1.165
1.1655
1.1655
1.1655
1.1655
1.1655
1.1655
1.1655
1.1655
1.1655
1.1645
1.1645
1.166
1.1655
1.164
1.1635
1.1635
1.164
1.164
1.164
1.164
1.165
1.1635
1.1645
1.1645
1.1645
1.163
1.163
1.162
1.162
1.162
1.162
1.1615
1.1625
1.1625
1.162
1.162
1.163
1.1625
1.1625
1.1625
1.1625
1.1645
1.1655
1.165
1.165
1.1645
1.1645
1.1645
1.1645
1.1645
1.1655
1.164
1.1645
1.165
1.165
1.1635
1.1635
1.1635
1.1635
1.1635
1.1635
1.1635
1.1645
1.1655
1.1655
1.1655
1.1655
1.1655
1.164
1.164
1.1635
1.163
1.163
1.163
1.1615
1.1625
1.162
1.161
1.161
1.161
1.1615
1.162
1.162
1.1615
1.1625
1.1625
1.162
1.1615
1.161
1.159
1.159
1.1585
1.16
1.161
1.161
1.161
1.157
1.1585
1.1585
1.159
1.1595
1.1595
1.161
1.1615
1.1615
1.162
1.1625
1.1625
1.162
1.162
1.162
1.162
1.1625
1.1625
1.1635
1.1635
1.1635
1.1635
1.1635
1.1635
1.164
1.167
1.167
1.1675
1.1665
1.1655
1.1665
1.1675
1.1675
1.1675
1.1675
1.168
1.167
1.1665
1.1665
1.1675
1.1685
1.1695
1.1685
1.1685
1.1685
1.17
1.1695
1.169
1.168
1.168
1.168
1.168
1.168
1.168
1.1685
1.169
1.1685
1.1685
1.1685
1.1685
1.168
1.168
1.168
1.168
1.167
1.167
1.167
1.1675
1.1685
1.1685
1.1685
1.1595
1.1595
1.159
1.16
1.16
1.16
1.1565
1.1555
1.1555
1.155
1.1545
1.155
1.155
1.1555
1.1565
1.158
1.1595
1.16
1.159
1.1595
1.1595
1.1595
1.159
1.16
1.1595
1.1575
1.1575
1.157
1.157
1.157
1.1545
1.1545
1.1545
1.155
1.155
1.156
1.157
1.1585
1.1585
1.159
1.159
1.159
1.158
1.157
1.157
1.156
1.1545
1.1545
1.1555
1.155
1.154
1.154
1.1535
1.154
1.152
1.152
1.152
1.152
1.1515
1.1515
1.15
1.1515
1.1515
1.153
1.153
1.154
1.156
1.156
1.1545
1.157
1.158
1.158
1.156
1.156
1.1545
1.1545
1.153
1.1525
1.1525
1.1525
1.1525
1.1525
1.1525
1.1525
1.1525
1.1525
1.1525
1.1525
1.1525
1.1525
1.1525
1.1525
1.1515
1.1515
1.151
1.1505
1.148
1.1485
1.15
1.15
1.15
1.1495
1.149
1.149
1.1505
1.151
1.1515
1.1515
1.1505
1.15
1.1505
1.1505
1.152
1.151
1.153
1.1525
1.153
1.153
1.153
1.153
1.148
1.147
1.147
1.146
1.145
1.145
1.145
1.142
1.139
1.1415
1.142
1.1425
1.143
1.146
1.145
1.144
1.142
1.142
1.1425
1.1425
1.0835
1.0865
1.0865
