0.223969
0.187602
0.17977
0.170898
0.183071
0.188114
0.186138
0.169761
0.159649
0.170872
0.162354
0.162183
0.154972
0.168515
0.164384
0.192921
0.180959
0.182888
0.184168
0.176424
0.145255
0.170461
0.177823
0.207898
0.230629
0.229581
0.313877
0.29157
0.260064
0.245226
0.238859
0.252898
0.260592
0.231424
0.261878
0.308503
0.320793
0.341393
0.417596
0.434907
0.439356
0.372796
0.424287
0.426878
0.57768
0.544162
0.501933
0.521421
0.505501
0.506697
0.486348
0.586128
0.601552
0.733563
0.673712
0.681167
0.984368
0.907486
1.06357
1.27046
1.3773
1.22828
1.18871
1.01033
1.05156
1.10123
1.01084
0.877688
0.756453
0.698634
0.74423
0.812905
1.2193
0.887828
0.802858
0.801917
0.792863
0.760437
0.709853
0.780675
0.760601
0.697712
0.596778
0.620146
0.520347
0.494574
0.518558
0.434371
0.341506
0.425248
0.376771
0.41108
0.435194
0.419874
0.416157
0.490282
0.570759
0.568253
0.565251
0.639628
0.672487
0.761761
0.774362
0.699926
0.653669
0.601923
0.674791
0.650958
0.675715
0.691446
0.723957
0.661447
0.663065
0.652742
0.628706
0.592818
0.586738
0.53387
0.521148
0.486422
0.480877
0.46771
0.513524
0.510198
0.563841
0.443609
0.419737
0.42442
0.373861
0.373338
0.381644
0.391713
0.445421
0.419292
0.40914
0.419085
0.406105
0.371496
0.342625
0.351367
0.280161
0.287494
0.280171
0.26158
0.273684
0.295473
0.290161
0.286925
0.275062
0.304124
0.327094
0.311528
0.355836
0.359287
0.386811
0.381543
0.394007
0.423946
0.409538
0.416794
0.44629
0.482795
0.481416
0.491349
0.499311
0.492385
0.536824
0.434367
0.490148
0.452005
0.484476
0.515714
0.544691
0.550401
0.564701
0.567669
0.582583
0.571535
0.538399
0.573018
0.552857
0.539512
0.526373
0.467844
0.464764
0.503457
0.516912
0.504004
0.480891
0.444447
0.456841
0.453086
0.453171
0.424356
0.376997
0.34869
0.360526
0.342848
0.36462
0.345249
0.31585
0.351257
0.335834
0.344773
0.349503
0.36731
0.362294
0.340509
0.336191
0.329864
0.30677
0.293531
0.297624
0.241828
0.262975
0.228636
0.214526
0.239964
0.223557
0.222022
0.214002
0.21008
0.220765
0.225581
0.212881
0.186089
0.19366
0.186944
0.179697
0.170771
0.171995
0.166278
0.181072
0.226619
0.2212
0.249
0.236518
0.232286
0.218494
0.229949
0.249942
0.246745
0.235216
0.211167
0.206735
0.204594
0.200695
0.194691
0.19931
0.222559
0.248674
0.23978
0.229673
0.21645
0.222991
0.201422
0.19705
0.202624
0.243708
0.251831
0.26684
0.279981
0.328679
0.318274
0.293934
0.28728
0.30958
0.284746
0.257989
0.253947
0.236471
0.233997
0.22804
0.276128
0.274727
0.27067
0.283597
0.259292
0.27191
0.257547
0.268244
0.291827
0.27332
0.302272
0.287262
0.311927
0.314632
0.321022
0.336927
0.319767
0.328878
0.336085
0.335793
0.30871
0.30539
0.328099
0.328258
0.310938
0.30394
0.29972
0.268699
0.27239
0.260662
0.241907
0.239741
0.247807
0.260429
0.253495
0.271776
0.268898
0.269288
0.273865
0.268721
0.291212
0.329173
0.358403
0.353303
0.33786
0.343609
0.334657
0.326493
0.348924
0.34559
0.334983
0.329202
0.331898
0.325232
0.321105
0.310338
0.32094
0.356504
0.338098
0.337637
0.343585
0.339712
0.347861
0.303201
0.311278
0.318843
0.325284
0.339638
0.358845
0.376968
0.376913
0.361977
0.370766
0.371791
0.390431
0.437883
0.412075
0.437743
0.432123
0.444364
0.440448
0.418148
0.45041
0.506044
0.514022
0.500783
0.543031
0.503996
0.481368
0.484115
0.482141
0.497974
0.492477
0.521143
0.509636
0.562799
0.581442
0.547843
0.541633
0.512894
0.48512
0.524238
0.41129
0.341813
0.367507
0.342961
0.329343
0.284568
0.259428
0.283866
0.287584
0.33146
0.344782
0.322242
0.332692
0.315657
0.288482
0.287812
0.256613
0.222732
0.216468
0.228283
0.239791
0.219072
0.223391
0.226759
0.205696
0.202932
0.203357
0.206882
0.233422
0.270225
0.296346
0.338506
0.298483
0.311306
0.313261
0.307952
0.317662
0.307583
0.275171
0.298379
0.29997
0.298643
0.289444
0.299371
0.316489
0.365974
0.437175
0.395948
0.39701
0.376474
0.424198
0.401805
0.354604
0.444193
0.412244
0.444261
0.48566
0.518795
0.497374
0.483012
0.500732
0.49147
0.490123
0.503412
0.540335
0.509976
0.504242
0.479549
0.472149
0.433749
0.41349
0.455235
0.426929
0.38769
0.419263
0.414927
0.396142
0.394452
0.421776
0.39962
0.401474
0.436519
0.464334
0.452186
0.429451
0.425395
0.444044
0.428376
0.432969
0.440511
0.457499
0.474333
0.458156
0.46611
0.445463
0.452029
0.461889
0.41064
0.470638
0.437432
0.431479
0.427421
0.431785
0.427787
0.424169
0.407811
0.432997
0.431821
0.455832
0.466202
0.477456
0.501768
0.46749
0.488552
0.48451
0.491097
0.490087
0.485599
0.483685
0.480714
0.485391
0.486086
0.461061
0.466446
0.463084
0.456405
0.476395
0.463601
0.499871
0.503459
0.499502
0.494278
0.507613
0.556138
0.584279
0.565453
0.54224
0.577468
0.57011
0.577119
0.568899
0.53468
0.520257
0.486123
0.49535
0.539208
0.52874
0.492214
0.503054
0.500259
0.524362
0.51427
0.515661
0.499498
0.496664
0.481483
0.478313
0.445506
0.436926
0.441571
0.448218
0.433501
0.47317
0.476025
0.463421
0.512165
0.494995
0.506979
0.57812
0.544724
0.591537
0.639849
0.67146
0.678823
0.65799
0.646697
0.823082
0.845574
0.926125
0.887731
0.934154
0.99435
1.128938
1.185923
1.220044
1.344991
1.33696
1.129312
1.087065
1.211011
1.275389
1.182788
1.024751
1.02152
0.965132
1.012434
0.910969
0.88325
1.077118
1.119633
1.177613
1.15262
1.073253
1.191716
1.138305
1.142759
1.84792
1.676558
1.721303
1.673432
1.971635
1.818537
1.838441
1.765551
1.702871
1.838553
1.801375
1.860334
2.189712
2.26156
2.267606
2.961826
3.703152
3.446889
3.591973
3.645436
3.533164
3.484891
3.622153
3.47688
3.314356
3.335758
3.112949
3.118319
2.82714
3.173851
3.170485
2.78738
2.728492
2.19765
2.379704
2.679091
2.608851
2.644641
2.550355
2.425729
2.370991
2.405396
2.384253
2.403562
2.25848
2.217729
2.140304
2.089139
2.196838
2.181257
2.399795
2.425479
2.497683
2.484375
2.46067
2.391855
2.289084
2.179155
2.322569
2.396836
2.379978
2.41308
2.271148
2.412745
2.321893
2.39339
2.49964
2.505152
2.380463
2.216314
2.229581
2.253302
2.185192
2.085077
2.076848
2.107181
1.900387
1.783433
1.80638
1.790231
1.775217
1.833489
1.854688
1.785245
1.797884
1.731496
1.77696
1.830964
1.796893
1.80213
1.734827
1.707639
1.580933
1.565105
1.617525
1.581435
1.629438
1.809821
1.87587
1.82775
1.889405
1.8214
1.807347
1.735809
1.760189
1.658976
1.670161
1.687368
1.71722
1.763507
1.839308
2.01666
1.951038
1.978818
1.966004
2.188103
2.401859
2.578111
2.803853
2.635488
2.772361
2.607123
2.497458
2.539667
2.394792
2.391249
2.424113
2.358567
2.359457
2.441464
2.632044
2.605548
2.612499
2.751632
2.83809
2.751997
2.675462
2.671974
2.670044
2.624211
2.73793
2.720022
2.710366
2.671798
2.686752
2.682662
2.740215
2.690742
2.716641
2.803951
2.782646
2.750326
2.817811
3.01829
3.063036
3.035152
3.010331
2.931891
2.82661
2.75657
2.708266
2.549667
2.351865
2.447424
2.25579
2.275065
2.276428
2.229166
2.271925
2.34262
2.242076
2.167132
2.094976
2.129985
2.048652
2.025807
2.092442
2.061192
2.059006
2.091032
2.270657
2.178049
2.119071
2.07731
2.010686
2.08684
1.981583
1.756352
1.880721
1.820493
1.923433
1.873683
1.935425
1.87685
1.86312
1.804758
1.8618
1.886506
1.874338
1.902404
1.838974
1.769471
1.80664
1.741144
1.809708
1.840133
1.807787
1.937466
2.114098
2.183606
2.186049
2.223959
2.283247
2.245193
2.192453
2.389927
2.404977
2.484479
2.724109
2.774105
2.618951
2.697299
2.67355
2.645582
2.462109
2.50439
2.456526
2.571582
2.609652
2.655339
2.785324
2.912988
2.823791
2.838953
2.832581
2.774659
2.741121
2.845629
2.884682
3.308532
3.414457
3.477313
3.411484
3.975559
4.025119
3.874435
4.414373
4.304661
4.504171
4.297009
4.543797
4.401326
4.271369
4.292058
4.102937
4.243481
3.913673
3.513104
3.600725
3.948595
4.16191
4.108541
3.879533
4.215007
4.583632
4.644871
4.721254
4.678498
4.344593
4.089671
4.063915
4.084932
3.817517
2.064779
2.421135
2.143518
2.109211
1.779877
1.842805
1.8877
2.246666
2.2479
2.271615
1.988865
2.237793
2.307897
2.259675
2.295138
2.174971
2.136711
2.025168
2.15332
2.270344
2.27826
2.301709
2.305067
2.326213
2.277325
2.513414
2.717985
3.139041
3.321694
3.2171
3.282313
3.462612
3.369805
3.236892
3.129015
3.468648
3.477046
3.783459
3.637568
3.458327
3.476279
3.678815
3.72501
3.804795
3.803088
3.716778
3.641899
3.675325
3.906069
3.720477
3.783184
3.822183
3.722169
3.7679
3.687693
3.636458
3.754018
3.822109
4.040321
3.761325
3.585065
3.692374
3.760424
3.799387
3.674653
3.760095
3.784329
3.885346
3.922476
4.071049
3.847751
4.070282
3.955061
3.836322
3.869933
3.836277
3.857703
4.025351
3.986594
4.168449
4.129938
4.380642
4.386834
4.490729
4.43302
4.377437
4.342623
4.349933
4.45783
4.450149
4.420301
3.971212
4.090942
4.114653
3.955013
3.933903
4.048714
4.163669
4.16898
4.079962
4.17077
4.18915
4.467934
4.806252
4.719017
4.814206
4.680805
4.426552
4.563483
4.61793
4.569189
4.698256
4.846618
4.744167
4.804558
4.74217
5.365053
5.712817
6.475725
6.104311
6.138475
6.119687
7.309183
7.182291
8.103465
8.643123
8.337706
8.280393
7.95928
8.06519
7.272983
7.281577
7.466975
7.874477
7.432153
7.657824
7.499005
7.095583
7.22346
7.116083
7.416992
7.772912
8.304459
8.271776
9.164759
9.821836
9.558774
10.140255
10.063365
12.689207
13.853205
13.441035
13.10599
16.621544
17.326002
16.926432
19.098751
18.804186
16.705545
16.241375
16.239985
16.091297
13.800856
15.960192
15.174676
15.18336
14.216811
15.251755
14.497711
15.156061
16.567078
16.472963
15.708488
16.121492
14.897397
12.016678
12.492866
10.611472
12.913729
12.426577
11.785032
12.377293
12.551313
12.501497
12.769031
11.993546
12.119579
10.978154
10.761816
10.98888
10.081642
10.147277
9.768122
8.759941
8.764185
7.702259
9.817477
10.711364
10.341659
10.76908
10.333558
10.115016
9.85121
9.649905
9.224705
9.304493
9.40491
9.623703
8.779272
8.95785
9.508818
10.346902
10.524793
10.847407
11.452909
10.995448
10.949109
10.737752
10.61955
10.652524
10.880713
10.886283
9.878593
10.804607
11.939335
12.163795
12.731548
12.160059
11.747902
11.973837
11.461742
11.265141
11.098557
11.220839
11.53663
10.797579
10.387002
10.472587
10.990669
12.118072
11.757224
12.656035
12.520735
13.003463
12.807538
12.423223
12.887978
12.57696
12.121813
12.59079
13.244712
13.592996
13.621882
14.078273
15.355934
14.444801
15.270844
15.620665
14.260965
12.575363
12.490259
13.078346
13.372918
14.225639
13.389535
13.987366
13.974721
12.741245
13.173038
13.492397
13.080949
12.145714
12.63339
11.922199
11.660106
12.209157
12.933703
12.827553
12.705471
13.451087
13.467133
13.511193
13.492187
13.070074
12.341995
12.793933
10.831312
11.575454
11.546685
10.964874
12.129708
12.628381
11.771125
11.253575
11.270538
11.872555
12.220137
13.650172
13.571063
14.539868
17.155256
16.031967
15.288085
17.607513
16.247431
14.556933
13.915849
15.930091
17.82625
20.709726
20.218397
23.166773
22.036263
20.754093
21.846777
18.424273
21.629498
24.761532
24.701859
23.540121
23.025864
21.070448
23.110903
22.773443
23.594028
22.598434
22.839642
23.713614
25.073034
24.498962
26.363325
25.04933
24.790121
25.456102
27.594215
26.859596
27.874239
30.640739
34.101978
33.290321
32.575897
31.97348
32.256798
32.441494
34.71521
34.109818
34.15274
31.530806
25.800343
28.08672
24.668047
25.187313
26.235098
24.663532
27.607061
28.511183
29.990028
27.718739
27.875414
28.165104
28.548212
31.69816
31.499252
29.946716
30.075174
28.461523
29.779226
28.789425
27.491762
27.917419
31.00976
29.504812
29.909876
29.676926
29.272839
27.398113
26.915058
25.053885
25.696287
27.401567
26.879543
26.696995
28.052568
27.904049
29.351137
30.233219
32.533249
29.534889
30.957281
32.396656
34.797878
31.175184
32.7449
31.632467
31.899261
33.919182
33.105427
35.456635
41.42371
42.753162
42.101555
40.372066
39.06591
35.879383
38.950634
36.436359
35.233406
35.058479
31.125198
31.540621
35.135986
36.808067
36.220837
36.445019
38.128506
41.116261
39.504856
42.059807
45.686138
49.429295
47.127403
49.311199
48.608906
52.198696
46.468697
48.754765
41.03371
43.089832
46.546902
41.498314
40.737148
37.194439
42.545315
26.70196
30.781229
25.577578
23.292158
20.008373
26.362959
27.629839
33.984875
31.514713
27.951693
25.39864
26.869602
32.088585
30.699013
30.656301
32.190559
28.875753
27.126797
27.551577
24.52721
24.174898
25.569342
23.100679
21.478968
21.686546
23.337601
23.860899
26.084227
23.015078
23.356791
21.211151
20.423983
21.735416
17.424097
16.806492
18.387203
19.037357
16.930967
16.955221
18.344139
18.773989
19.460011
19.497236
18.273293
18.283562
18.538818
19.262838
18.37159
20.080465
19.764128
18.42205
18.630384
18.207788
18.363968
17.550354
16.866161
16.945683
15.681652
15.262865
15.360056
15.502412
14.509062
13.775897
15.268477
16.085718
16.511562
16.705832
16.759659
18.089653
19.499634
19.030273
19.34585
22.315962
22.753702
22.126839
23.480349
23.875957
24.188875
24.050495
23.859335
24.631653
23.045609
24.287247
24.566286
25.946539
24.917234
27.733137
27.155422
27.904013
28.084339
26.158136
25.512896
27.06476
28.701841
27.861591
28.022818
28.554102
25.752197
26.520479
24.426327
26.018299
25.72909
25.813662
24.980934
26.750708
29.735182
29.985245
30.784266
29.897823
33.503429
34.784859
28.11425
27.151009
27.978628
26.387524
27.041149
29.379244
26.918482
30.746164
30.7796
29.826551
27.694597
28.390577
27.395748
23.431099
21.432621
24.493073
25.453983
23.280739
24.523661
24.602156
23.066298
22.1019
22.880529
23.986349
26.29744
26.946743
27.55904
26.559357
27.242628
26.837267
26.834036
26.400961
27.417076
25.648935
25.258816
24.623648
25.61175
26.647486
26.944546
27.228479
26.540886
25.704576
25.936241
27.419165
28.268347
28.661047
31.459808
29.770857
32.46011
32.503048
28.885674
30.227047
30.934832
29.78167
29.985006
31.565237
32.265533
31.990866
31.020929
32.917904
32.083439
32.349564
34.477592
33.859272
34.342705
34.83717
34.265522
34.064831
33.776585
32.010754
29.225008
29.193048
26.525694
28.291117
28.334068
29.036161
26.758991
26.933676
26.259172
26.185106
23.856281
24.114759
24.82391
25.017925
25.341774
25.356211
24.537094
23.291527
20.667728
19.477322
19.884268
21.091574
22.886017
20.306026
18.583904
19.94931
20.456585
17.775459
17.587616
19.714485
18.786173
18.291275
19.518829
18.852444
18.747501
19.454205
19.91474
22.14197
21.473009
22.120226
23.009712
22.982037
20.391455
19.702854
19.970343
19.592325
20.665089
21.83189
23.573906
23.525866
25.447802
25.377213
25.96064
25.4748
27.566217
27.883266
26.69095
26.777945
24.872852
25.781769
25.252832
25.553156
23.841059
23.003719
21.653994
20.195139
17.426189
15.827586
16.565233
15.584162
15.527325
15.270565
15.180518
16.123285
16.205904
17.768534
17.240427
17.024292
15.819188
16.17811
17.44544
17.802694
18.039454
18.876795
18.426355
18.642735
17.525623
16.18428
15.95139
15.735866
15.939896
17.31986
17.174133
15.572245
15.232381
15.521563
14.649103
13.538115
14.02696
13.407191
13.267228
14.338566
14.69032
13.654266
15.11647
15.334708
15.294949
14.897106
13.714876
14.022286
13.338135
12.712721
13.077511
14.015894
13.195725
13.078199
13.186159
12.740458
13.401471
13.714278
14.6964
14.421711
15.028581
14.975159
14.552144
15.007803
15.450861
15.800262
16.171621
15.584914
15.821914
16.849527
16.517033
16.973129
17.209745
16.910994
17.312368
17.403168
18.094217
17.47464
16.773735
15.427791
15.7753
15.135032
15.433226
15.348768
13.75277
13.973591
14.183898
13.646021
14.120528
14.150531
13.764988
14.037702
14.258342
14.024039
13.588746
13.609354
13.343726
13.287423
13.458693
12.354577
12.73311
12.662813
11.970266
10.997047
11.312018
11.17878
11.121428
12.14561
10.9174
10.799844
10.239905
9.99003
8.272897
8.584442
6.916927
6.56927
7.147285
7.284692
7.941105
7.418418
7.725453
6.825543
7.219193
6.890322
7.058111
7.356995
7.028613
7.234005
6.97708
6.608134
6.273193
6.572396
6.712629
7.457923
7.59467
6.926415
7.201002
6.86243
7.39609
7.636985
7.966336
8.732022
8.717431
9.276541
8.046692
7.016142
6.341506
5.887119
6.759266
7.324715
6.336337
6.363195
5.93534
6.599024
7.002992
6.838943
6.633892
7.001299
7.289775
7.271408
6.745378
6.558154
6.322357
6.210225
6.252963
6.069791
6.225627
6.205861
6.431877
6.321958
6.338929
6.641354
6.379156
6.50301
6.201322
6.04469
5.968435
6.177943
6.268182
6.327785
6.577695
6.348729
7.05954
7.256052
6.872341
6.998698
6.811353
6.857292
7.106037
6.465126
6.341288
6.855407
7.219182
7.912095
7.803387
7.666137
7.586885
7.208192
7.286331
7.356004
7.86457
7.802284
8.307046
8.6459
8.758239
9.055891
8.965302
9.333063
9.133019
8.774848
8.659611
8.466907
8.049441
7.673118
6.907883
6.905581
7.087409
7.034696
7.244896
7.135586
7.133749
6.486523
6.537517
6.2637
6.703226
6.557107
6.630673
6.895674
6.923277
6.840007
7.145919
7.364041
6.672347
7.082168
7.407059
7.747072
7.913443
8.015378
7.747561
7.128942
7.455002
7.545807
7.644146
8.105164
7.507727
7.312717
6.887288
6.71292
7.118293
7.447619
7.636966
7.865859
7.928507
8.074233
7.814182
7.901172
7.581146
7.387452
7.133672
7.335093
7.721271
7.875545
7.637219
7.606438
7.448555
7.626263
7.381632
7.128555
7.149956
7.03873
6.896555
6.886903
7.175411
7.333412
7.117894
6.778678
6.666734
6.813489
6.870749
7.065635
6.913848
7.080036
7.158166
6.908006
7.116174
7.613307
7.788181
7.861647
7.693952
7.427645
7.714237
8.741551
8.665482
8.121049
8.895981
7.683034
6.224503
7.214661
7.009961
6.259309
6.072446
6.264421
6.419929
6.187089
6.234342
6.185775
6.150218
5.771728
5.869119
6.397805
6.701307
6.831647
6.842342
7.14682
6.902108
7.207574
7.320946
7.680302
7.687327
7.615398
7.243604
7.446814
7.275838
7.133728
6.887233
7.006324
6.859285
6.852805
6.714855
6.691597
6.911357
6.728828
6.451363
5.900254
6.029944
5.963431
5.790945
6.020202
5.981257
6.002769
5.942528
5.920004
5.985958
6.037669
5.899226
5.676936
5.603008
5.467445
5.568658
5.622443
5.687627
5.622096
5.804032
5.647835
5.7108
5.829194
5.933166
6.072278
6.153703
6.285186
6.381332
6.601779
6.860322
6.693957
6.666865
6.820442
6.350073
6.513942
6.950697
6.870331
6.985129
7.026174
6.659312
6.960363
7.174173
7.37127
7.207573
7.387718
6.906292
6.952308
7.216624
7.10214
7.290623
7.238031
6.984616
6.832168
7.198653
7.121416
6.983141
6.902424
7.006326
6.807924
6.67166
6.80643
7.270599
7.028155
7.666772
8.008314
7.996887
8.006446
7.636674
7.708319
7.936591
7.455675
7.376634
7.491861
7.27909
7.192696
7.528766
7.26775
6.948714
6.852447
6.944227
6.8622
6.871421
6.58442
6.158695
6.225045
6.20798
6.589978
6.776379
6.975946
6.551081
6.674514
7.225374
6.933574
7.102637
7.057743
7.407576
7.180304
7.621307
7.206892
7.084827
7.262111
6.872753
6.955334
7.382523
7.23271
7.594569
7.474482
7.259294
7.239349
7.379017
7.325242
7.200003
7.277441
7.137542
7.212093
7.344665
7.31378
7.250481
7.464563
7.752357
8.013287
8.136897
8.164323
8.576399
7.77036
7.518751
7.11765
7.179795
7.079931
7.076444
7.27154
7.00423
7.170404
7.050134
7.187723
7.052086
6.901027
6.986553
7.123072
6.997713
7.235921
6.943518
6.909634
6.591796
6.524263
6.595904
6.366951
6.621964
6.50039
6.543809
6.638051
6.659044
6.753897
6.534812
6.508409
6.512511
6.42947
6.529931
6.50833
6.327066
6.279227
6.352191
6.4402
6.638851
6.640285
6.613655
6.480095
6.346456
6.45637
6.416921
6.456024
6.06595
6.26066
5.914067
5.995314
5.986427
5.241125
5.173131
5.163538
5.293572
5.242557
5.306049
5.319081
5.283658
5.161346
5.119156
5.26321
5.563837
5.568067
6.05901
6.136026
6.150531
6.066921
6.19884
5.82158
5.901479
6.308454
6.497599
6.530424
6.620472
6.526224
6.304579
6.09197
6.154138
6.193656
6.148782
6.168487
6.20408
6.249074
7.092254
6.944936
6.915661
6.616025
7.191558
6.92312
6.917885
8.342902
8.142471
7.869027
7.89574
7.590984
7.402596
7.753373
7.988919
7.801768
7.852122
7.55617
7.544678
7.628018
7.349018
7.125889
7.13281
7.220319
7.101794
7.29673
7.450204
7.694713
7.608377
7.484984
7.439908
7.369263
7.414638
7.039225
6.753679
6.209253
6.170828
6.172726
6.216061
6.179046
6.108273
6.345689
6.077851
6.007421
6.00289
6.023508
5.978857
6.192354
5.937587
5.875497
5.933749
5.966879
6.025087
6.011154
6.13513
6.293779
6.384525
6.277105
6.167316
6.017714
5.823768
5.959389
6.021814
6.153503
6.362201
6.283412
6.143583
6.565755
6.863013
6.910942
6.682
6.93922
7.192823
6.989485
7.484897
7.363939
7.642251
7.822663
7.954563
8.180992
8.047098
7.471463
7.419229
7.679329
7.474691
7.652022
7.532812
7.6935
7.283275
7.2666
7.393108
7.201082
7.259516
7.322572
7.42225
7.539671
7.332848
7.361921
7.310982
7.581278
8.903846
10.132684
10.546122
10.394032
11.026677
10.929611
11.204941
10.925374
11.103345
11.23747
11.375027
11.624006
11.004576
11.484773
11.497036
12.227702
13.009284
13.068293
14.937856
14.635877
15.509591
16.42251
16.001081
14.407805
13.968099
15.017497
13.888024
13.68434
13.748294
14.939277
14.465623
13.531919
14.236408
14.402032
14.46033
14.756277
14.789014
14.201328
14.519682
14.511725
14.404431
14.983229
15.994241
15.742612
15.764349
15.72078
15.290307
15.712053
16.942026
16.218416
16.333546
14.765365
14.521308
14.778791
15.393107
14.327272
14.318156
14.020899
14.645723
14.095596
14.225022
15.286552
15.497313
15.68734
15.310327
15.608395
15.090893
16.672073
16.051332
15.533926
15.193248
14.946123
15.535809
15.165293
14.150558
14.554019
14.065112
13.428382
13.140297
14.156994
13.705976
15.031819
15.032686
14.134305
14.364035
14.797092
15.195074
15.261762
15.730317
14.649993
16.041307
15.742375
15.391012
14.544948
14.274681
14.235134
13.757712
14.195535
14.340298
14.517562
14.988256
15.467368
15.398607
17.184246
17.791161
17.661924
18.17606
19.131561
18.298014
18.854925
18.231304
18.467882
19.091101
20.12896
20.491962
19.886284
20.277943
19.949381
19.572353
20.034607
20.096508
19.820606
19.295195
18.582254
18.112953
17.939098
18.52636
18.704636
19.116257
19.036427
19.431786
19.287716
20.060907
21.421598
20.513018
20.448757
19.010521
20.075966
20.127426
19.741352
20.028526
21.754612
21.289614
20.666775
20.768188
20.906294
19.605387
18.126289
18.674498
18.324354
16.809296
18.406483
18.431383
18.290665
18.072218
18.532669
19.359713
20.010675
19.302181
19.160713
18.993439
18.943043
19.137728
18.380262
17.963333
17.706615
17.793917
17.347498
17.574226
17.922144
18.100649
17.362738
17.425346
17.55002
15.157101
13.345825
14.11975
13.582573
13.488032
13.135204
13.893053
13.966599
14.964592
15.080412
15.465097
15.196628
14.537848
14.59936
14.480972
14.25213
13.808069
14.073785
13.133521
13.344388
13.595815
14.109475
14.318272
14.375482
14.501929
14.011844
13.899291
14.238003
13.568573
13.301306
13.546971
13.378436
12.975332
13.888161
15.509692
16.252932
16.311008
16.581558
17.277952
16.735186
16.347694
16.605215
17.247709
17.441204
17.046471
18.778061
18.527676
18.452091
17.94495
18.422333
18.414524
18.148577
17.613609
17.722481
17.738054
17.268896
16.327703
15.94452
16.357594
15.894799
14.99634
16.001293
15.136269
14.741475
14.85882
15.126066
14.534426
13.967771
14.334752
14.259184
13.862212
13.480089
13.177006
13.614715
14.195657
13.904292
14.387674
13.758755
13.511538
14.260199
14.327779
14.404244
13.620819
12.553676
12.305856
13.201163
12.351335
13.114887
12.820454
12.796518
12.350228
12.738323
13.021287
13.42687
14.422127
14.221346
13.75462
13.600838
14.07593
14.268175
14.80657
13.929007
13.919931
13.395512
12.946199
13.540453
13.567427
13.293225
13.543047
13.140532
12.828847
12.899767
11.917962
11.701331
10.871527
9.50157
10.054565
9.485442
10.736471
10.548674
10.554251
10.008924
10.557687
10.576763
10.401407
10.173847
10.143065
10.150434
10.095947
10.183764
10.245039
11.214466
11.467952
12.062475
12.347854
12.108485
11.854799
11.170318
11.18187
10.937603
11.119161
11.024574
10.372398
10.761755
10.314515
10.335188
10.01602
9.575072
10.018678
10.335867
10.545119
10.597156
10.40683
10.786038
11.458701
11.297834
10.823187
10.554821
10.62753
10.853249
11.205125
11.426664
11.513563
11.132943
11.398932
12.162094
12.111526
12.551837
12.680975
12.943388
12.482324
11.850573
11.025396
10.662164
10.650413
11.068583
11.261728
11.276307
11.160425
10.825778
10.529768
10.53886
10.898592
11.016416
10.731656
11.264221
11.436711
11.238663
11.021686
11.47706
11.421702
11.96279
11.709382
11.966222
11.246938
11.590441
11.093418
11.002805
10.980672
11.178171
11.788102
12.394708
11.422246
11.265908
11.174642
10.764085
10.248169
10.842792
12.168526
12.606694
13.718581
13.762723
14.289252
14.895794
14.004613
13.475764
12.971003
13.849989
14.526206
13.778284
15.220886
14.64631
14.247102
14.90804
16.531857
17.385506
17.944859
17.387096
17.338844
18.696129
17.960947
18.290644
19.022661
18.889429
25.091211
24.217163
24.105141
23.400967
25.81105
24.800467
26.144575
22.346537
22.216991
24.09306
29.286852
29.024141
29.112492
29.223511
28.744183
27.823748
24.891148
22.892488
23.364502
22.126738
22.047066
24.479013
25.439577
24.43117
22.65229
21.529095
21.966082
20.938786
20.583473
20.001366
21.674845
22.040438
23.398355
23.613359
23.635233
23.819811
21.394884
20.45516
19.64579
20.266521
20.192392
19.837339
19.361107
20.310087
22.114241
23.005604
25.112717
24.112377
24.249273
25.068966
26.594463
25.291143
25.655148
25.189669
24.924709
24.911713
24.14934
22.615997
23.622232
24.473808
25.148338
23.048159
20.427498
21.643274
20.063238
19.20437
18.594286
18.386972
18.464569
18.305155
18.766146
18.642302
19.180674
18.558941
19.414375
18.983059
18.705296
19.099895
17.832607
17.978579
18.298744
17.394213
17.764296
17.638788
15.247294
15.29446
15.20754
15.106882
14.816688
14.788806
17.413004
14.4502
14.875399
16.462271
17.070051
15.938859
15.251074
13.773411
12.693139
13.099883
13.482376
13.027454
13.679569
14.037821
13.371052
14.035404
13.923292
15.012787
14.215102
13.959059
14.226722
14.43569
15.089212
15.455079
15.259174
15.507801
14.244856
13.545989
13.387308
13.512477
14.042898
12.934548
12.879012
12.934566
12.846268
11.253415
11.451341
10.908511
12.657185
12.07532
12.661983
13.14666
12.623901
12.622772
12.235985
12.357338
12.517427
12.562504
12.937108
13.275746
13.10667
14.139149
15.005441
15.044061
14.929083
14.875073
14.58858
15.017331
14.613898
14.292942
14.752078
14.661197
14.260993
13.859743
13.646459
13.830133
13.819287
15.849825
16.01111
17.340767
17.06399
16.732389
17.432764
17.013014
16.003477
15.755204
15.320247
15.922525
15.799416
15.691709
16.124077
16.736061
15.521186
15.355583
15.52629
15.527998
15.918099
15.665417
15.040348
13.899076
13.976827
14.062182
14.092877
14.115714
13.850794
12.922352
13.581303
13.836444
13.71712
14.3616
15.427644
14.909671
14.025968
13.436464
13.166607
13.29691
13.574794
13.007806
13.103867
13.074892
12.514476
11.985239
11.652458
12.874313
13.408499
13.136893
12.929869
13.060314
13.399173
13.72542
13.380764
12.896029
13.559239
13.668499
13.169759
13.229539
13.494132
13.428614
13.96793
14.253815
15.239021
15.298432
15.098609
15.646005
15.777633
16.092302
16.67417
17.997988
17.843006
18.416618
19.305149
19.532303
19.663111
18.185083
17.907915
18.291023
18.406492
19.234554
18.037018
17.822281
17.715185
16.955446
16.101534
15.651691
16.299955
17.103121
16.384867
16.686306
18.469936
19.895052
21.930365
22.102489
21.119766
23.522558
24.00079
22.479765
21.753004
22.652239
25.688791
25.759439
23.518341
26.36775
24.785217
26.746483
26.278017
25.821594
23.395716
24.399843
23.757828
25.180487
23.433657
23.497807
23.224033
22.481396
23.480976
23.692417
22.351324
22.291437
22.205257
22.465261
23.050865
23.055517
23.556967
24.466789
25.13623
24.877197
24.131353
23.584925
23.494625
23.987413
24.640253
23.496611
23.344814
22.99725
21.660231
21.54464
21.620655
20.108458
21.085903
20.928057
21.680927
21.749245
21.329388
22.582314
22.774349
22.524408
22.032007
22.002396
23.374546
21.85598
22.620699
22.0123
17.354767
17.213488
19.047707
19.864935
19.113392
18.063412
17.405205
16.611237
16.82073
17.27529
18.657476
17.628418
17.207212
17.416077
17.878086
18.016981
18.540293
18.216867
17.840239
18.110287
16.804743
17.240046
17.121698
17.598976
15.242859
14.724412
15.150304
14.716655
15.769025
15.51536
15.927966
16.344212
15.298301
15.141705
14.584553
13.800078
14.120943
13.741969
13.306071
13.794932
13.521196
12.925078
12.119377
12.172948
12.509099
12.964276
13.065638
13.455601
13.348663
13.13994
13.00293
12.981497
12.085402
13.510494
14.687667
14.254021
13.607116
13.926069
13.642916
13.748384
14.417297
14.118708
14.062647
13.645242
13.742838
13.292393
12.864612
12.934126
12.240102
11.933768
12.531227
12.551011
12.432074
12.578183
12.387865
12.268151
12.055989
12.177103
12.497621
12.47721
12.290201
12.414363
12.188008
12.586159
13.263242
13.231463
13.39876
13.917907
14.041693
13.428935
13.215399
13.117958
13.129127
13.174175
13.068761
14.042168
14.114401
13.784298
13.72749
13.735366
13.329925
12.877442
12.11368
12.386194
12.242456
12.208968
12.193202
11.505538
11.942946
12.035913
11.832648
11.09845
10.769638
9.968609
9.410691
9.806777
9.450989
9.251476
7.907181
8.879451
8.913293
8.832436
8.829838
8.561299
8.311589
8.402665
8.768282
9.088452
8.781871
8.925537
8.830567
8.598906
8.569495
8.941406
8.876016
8.672669
8.265229
8.203102
9.256296
9.09846
8.708776
8.843731
8.67235
8.948497
8.812367
9.348465
9.196875
8.793666
8.694978
8.523437
8.860023
8.983073
8.995531
9.058503
9.088024
9.161493
9.482127
9.927088
9.795186
9.22583
9.047333
9.113235
8.807412
8.685225
9.102709
9.246527
9.374694
8.914506
8.56382
8.428157
8.405262
8.610696
8.777545
8.937802
8.628461
8.658192
8.6929
8.811627
8.805132
9.295584
8.860472
8.94277
9.087807
9.069446
8.737157
9.362851
9.022783
9.261513
9.580833
9.625117
9.292867
9.070685
9.291103
9.398225
9.298734
9.355892
9.377435
9.346175
9.494079
9.320954
9.239625
9.118187
9.104363
9.092688
9.174351
9.131504
9.353217
9.765988
9.994213
9.851704
10.33021
10.371932
10.712529
10.593592
10.283821
10.2116
10.473087
10.06618
9.719931
9.554132
9.592829
9.449772
9.621927
9.74058
9.415353
9.558396
9.429
9.497779
9.374849
9.128115
8.988363
9.015237
9.165183
9.123
9.122
9.1205
9.117
9.104
9.0995
9.1005
9.0985
9.1
9.104
9.095
9.093
9.0875
9.087
9.089
9.094
9.0905
9.0905
9.0875
9.0905
9.084
9.0865
9.0915
9.0935
9.0975
9.095
9.097
9.0935
9.085
9.085
9.0845
9.085
9.082
9.069
9.063
9.071
9.0685
9.0715
9.069
9.074
9.0715
9.057
9.055
9.0555
9.0455
9.054
9.0605
9.0595
9.062
9.056
9.045
9.0405
9.0295
9.0245
9.0095
9.0195
9.024
9.0315
9.033
9.031
9.025
9.025
9.022
9.0185
9.013
9.014
9.0115
9.012
9.016
9.021
9.017
9.023
9.0245
9.0205
9.0195
9.021
9.019
9.031
9.027
9.026
9.018
9.02
9.0195
9.0135
9.018
9.0195
9.01
9.0145
9.008
9.0155
9.0195
9.0255
9.0245
9.028
9.033
9.022
9.0245
9.024
9.0215
9.0245
9.0325
9.036
9.038
9.035
9.0335
9.0445
9.048
9.045
9.0465
9.047
9.047
9.051
9.051
9.054
9.049
9.0495
9.0465
9.047
9.0495
9.048
9.055
9.05
9.0505
9.0505
9.0465
9.046
9.0465
9.048
9.0455
9.045
9.0445
9.049
9.0495
9.0485
9.039
9.032
9.0365
9.0385
9.04
9.038
9.0435
9.039
9.043
9.0435
9.0425
9.0425
9.0355
9.0355
9.0295
9.025
9.03
9.033
9.026
9.029
9.0285
9.0255
9.032
9.036
9.0355
9.0365
9.028
9.039
9.049
9.0465
9.045
9.044
9.0445
9.0405
9.04
9.0415
9.0445
9.045
9.0375
9.0395
9.04
9.036
9.0335
9.033
9.036
9.032
9.035
9.034
9.0355
9.037
9.0395
9.0415
9.043
9.045
9.029
9.0245
9.007
9.01
9.016
9.015
9.0135
9.0145
9.013
9.014
9.015
9.009
9.0065
9.0145
9.0135
9.014
9.0155
9.018
9.022
9.0145
9.0105
9.005
8.992
8.995
9.0015
9.0055
9.0145
9.0035
8.994
8.9845
8.9875
8.9895
8.9965
9.0
9.002
9.002
9.0085
9.0075
9.013
9.0175
9.016
9.0195
9.017
9.019
9.0195
9.02
9.0235
9.025
9.027
9.027
9.029
9.0315
9.03
9.0305
9.0405
9.043
9.045
9.042
9.038
9.038
9.0495
9.0545
9.0555
9.0545
9.0565
9.047
9.0475
9.054
9.0515
9.051
9.0545
9.059
9.059
9.068
9.071
9.0685
9.0585
9.061
9.0595
9.0605
9.0635
9.0645
9.067
9.068
9.07
9.0695
9.069
9.0665
9.0665
9.068
9.066
9.0655
9.0635
9.06
9.0575
9.062
9.063
9.0645
9.063
9.066
9.0305
9.0465
9.048
9.0485
9.04
9.038
9.0335
9.0285
9.027
9.025
9.018
9.022
9.029
9.037
9.0315
9.055
9.0565
9.0565
9.0525
9.055
9.0545
9.0545
9.05
9.0505
9.0525
9.0455
9.045
9.055
9.0495
9.0455
9.035
9.032
9.0325
9.032
9.037
9.043
9.0455
9.0355
9.045
9.05
9.06
9.053
9.0505
9.0485
9.047
9.0405
9.036
9.046
9.043
9.04
9.0325
9.0295
9.028
9.029
9.02
9.0145
9.018
9.0145
9.0105
9.005
8.9995
9.0055
9.0
9.0045
9.0075
9.012
9.0145
9.007
9.008
9.017
9.017
9.0175
9.009
9.0
8.999
9.002
8.9945
8.993
9.0
9.001
8.9955
8.998
8.9965
8.9965
8.9965
8.9965
8.9965
8.9965
8.9965
8.9965
8.995
8.994
8.9925
8.992
8.9805
8.994
8.987
8.983
8.983
8.9795
8.9835
8.9765
8.9715
8.972
8.9835
8.9895
8.993
8.9825
8.986
8.9875
8.9865
8.9845
8.992
8.991
8.994
8.993
8.9955
8.9895
8.995
8.9845
8.964
8.951
8.9465
8.9445
8.9445
8.937
8.931
8.9205
8.9065
8.914
8.9175
8.9235
8.924
8.941
8.937
8.9285
8.9165
8.92
8.9225
8.92
8.3925
8.391
8.3965
