43.074337
43.285229
42.230774
43.44339
43.812458
43.496117
44.339672
43.206158
42.678909
41.176319
42.573483
44.128777
43.654301
45.23597
44.919636
44.260593
45.18325
46.817646
46.909889
46.422226
46.79129
47.081238
46.764923
46.132252
44.550583
45.156868
43.838806
41.782631
42.731636
44.840527
46.053185
46.659492
47.733711
47.002174
45.394131
45.025074
45.315037
45.077793
44.366035
45.710491
44.049717
44.682377
45.130505
45.842278
46.79129
45.921364
45.051437
45.86203
45.657753
46.290424
45.018486
44.603291
43.469753
42.046234
43.219334
43.179798
43.891525
42.916183
43.64109
43.021603
44.339672
45.262337
44.128777
44.866928
44.352852
43.680637
42.856846
43.496117
45.730236
46.237701
46.448605
47.83913
46.395866
47.127399
46.191559
46.132252
47.226238
47.872082
48.610207
48.939732
49.559204
49.24287
49.32196
49.980984
50.481865
50.218254
49.980984
50.831142
51.299061
51.773571
51.246338
49.269245
49.506493
48.247742
48.320229
47.133987
48.082977
49.025417
47.977558
47.740299
47.608482
47.298733
46.442009
47.180115
46.672657
46.072914
45.657753
47.160347
46.60675
48.63657
49.025417
49.269245
48.715652
48.135704
48.900181
50.455502
50.798203
51.879025
51.015675
50.508224
49.796467
50.350063
50.712524
50.53458
52.854366
52.617146
51.905373
52.643497
53.249805
52.610538
52.900524
51.879025
51.85265
53.407963
53.533173
52.248066
52.801643
50.613663
50.679585
51.035439
51.272713
50.244602
50.771832
50.791595
51.931755
52.300793
53.348644
53.223431
53.783615
54.541462
53.302528
51.72084
52.043766
50.508224
49.86895
50.13916
51.668114
52.511681
52.274422
52.300793
51.879025
51.799931
53.592476
55.46413
55.174171
55.207092
56.307686
56.940372
57.520317
58.68021
58.284805
59.04929
60.10371
60.894573
60.775906
62.318089
61.474525
63.359322
63.926121
62.950733
63.240715
65.32325
65.534142
64.453339
62.001747
63.346123
65.356232
66.746788
67.353073
67.353073
66.535851
66.852211
67.405785
68.321846
67.089485
68.381172
70.068314
70.674606
71.597237
75.445976
75.208763
76.105026
75.656914
75.182388
78.029396
77.185867
77.080391
79.927444
74.44426
72.54628
67.56398
75.920486
78.029396
74.233353
72.598976
76.97496
78.767532
79.189278
80.981865
80.19104
81.192749
77.291313
78.45118
75.287819
76.394989
72.54628
75.656914
77.686722
78.345711
81.403625
81.95723
83.090775
86.570457
83.512558
86.254112
84.250656
84.145233
84.751518
84.35611
86.148674
83.038055
83.301651
87.941254
89.839272
87.783051
87.730362
90.050148
90.788261
88.685936
93.687981
94.426117
93.002609
93.846161
97.009537
96.587753
94.057076
90.577385
86.781319
91.737251
93.477127
90.841003
94.267975
96.165955
97.853088
99.171165
99.329308
96.798653
92.791733
90.471939
92.369957
86.834061
85.990509
84.461548
86.465012
89.94471
84.461548
82.458138
77.60762
74.233353
67.801247
75.604195
77.60762
75.235123
73.600677
71.49176
76.315926
73.706161
76.97496
79.927444
80.665527
76.025948
75.182388
75.340561
77.133156
74.127914
72.54628
67.273987
71.386345
71.386345
74.496979
76.605911
75.024208
72.335388
68.908386
68.855659
63.108929
67.063095
65.586891
65.586891
72.177223
70.121025
73.706161
78.978378
79.176109
76.97496
79.031136
78.662086
79.083862
76.553177
79.50563
77.713058
79.083862
79.50563
82.668999
82.352638
83.407135
80.34919
77.185867
79.294739
78.345711
79.294739
77.304474
78.820244
80.34919
77.238548
79.294739
80.929153
79.703354
80.138298
82.036324
83.090775
84.883347
85.832367
83.934319
82.036324
84.672462
81.825432
80.138298
80.770966
80.665527
77.50219
73.284378
75.445976
74.44426
73.126205
76.289551
76.025948
77.818481
79.400169
77.291313
75.76236
76.816742
78.45118
78.45118
79.24202
80.770966
80.34919
80.560081
80.560081
81.878136
83.143456
82.69532
83.090775
83.512558
83.407135
85.726883
86.570457
83.934319
80.981865
82.774452
80.243759
78.293015
77.080391
78.87294
78.45118
77.027679
75.815063
78.609337
79.82196
74.022476
78.39846
76.315926
75.445976
75.551422
77.238548
74.866051
73.178947
70.859161
72.22995
72.440834
70.015549
69.699257
66.061386
65.006905
63.372517
68.539291
69.172012
66.008682
65.797752
71.755402
72.809875
72.704399
69.593819
65.692345
67.37944
67.247612
64.756538
68.921585
68.328453
69.172012
70.068314
69.541084
69.277458
63.860233
63.847023
60.525486
60.617764
63.978813
65.270554
61.474525
61.434978
58.930668
58.838398
56.20224
59.418327
58.68021
55.213707
53.091633
53.131161
53.987904
54.831474
59.629204
57.362152
56.096836
57.362152
62.739876
60.446411
57.981659
55.147823
53.882462
53.987904
49.875565
47.015347
47.292145
51.035439
51.351791
51.931755
51.826298
49.24287
45.077793
52.669861
51.72084
47.766644
48.293877
48.293877
50.771832
52.248066
52.920269
52.287598
53.882462
56.149525
55.938644
55.991367
57.164452
56.624054
54.409721
55.292789
56.518608
56.307686
54.240986
54.958004
51.921204
51.879025
51.96336
51.119804
49.592979
47.576836
48.150475
46.60675
48.462597
49.263977
46.505524
44.700306
43.44339
43.021603
43.173466
43.991722
41.334499
40.026966
41.165768
39.394295
40.111336
41.671925
41.68877
40.912716
38.044609
35.682629
37.496277
36.905796
35.556095
34.754719
36.492447
34.037689
34.037689
36.104424
36.104424
35.26926
36.484013
33.489376
32.856716
33.02541
31.549173
29.237825
28.723257
31.473269
30.326025
31.253937
33.573723
34.586006
36.104424
33.95335
34.796909
38.424206
40.743992
40.828362
38.086781
37.369766
38.044609
37.074501
38.086781
38.930328
40.533127
41.317631
39.478653
40.659653
39.816086
40.659653
39.267773
38.609802
38.424206
37.808411
38.086781
39.773911
40.406563
40.524677
43.063805
42.937267
41.039249
42.093697
41.326069
38.905025
37.479431
37.732483
38.846012
38.660397
40.364418
40.052273
41.081432
39.942619
38.846012
38.635098
37.580654
35.64045
35.935699
35.454872
35.277718
36.079109
36.568371
36.484013
36.576797
36.703339
36.939533
37.411942
38.550747
38.339863
38.50013
36.652718
35.134315
35.438007
34.164227
34.586006
36.779255
36.399673
35.724819
36.526203
35.134315
35.969452
35.134315
34.257011
33.868977
34.164227
34.670357
35.387394
35.17651
35.227123
36.357479
37.040768
36.424961
35.851337
35.66576
34.164227
34.307636
33.978634
34.670357
34.248573
32.983238
33.371277
31.852865
32.291531
30.950254
31.7938
31.481693
33.151947
33.194134
32.156544
31.684155
30.511629
30.899656
29.921112
29.803013
28.596725
28.428017
28.765438
26.319111
25.728609
25.281523
24.437969
23.779987
24.977848
25.053778
24.1849
24.024626
24.446402
24.235516
24.311436
26.150396
26.403458
26.791494
26.875858
26.226318
27.415737
29.271566
29.145029
29.018492
29.490898
27.373558
28.115889
28.301485
29.060688
29.212509
29.845194
31.043049
30.376637
28.714809
28.158079
28.596725
29.811457
30.030777
31.009312
32.215591
32.173431
31.844427
31.827557
32.055325
33.20256
33.438755
33.303791
33.210999
34.155796
32.57832
32.409618
33.135086
33.95335
33.911148
32.687996
33.700268
33.447201
32.873573
34.442604
36.146614
36.197205
35.201813
34.586006
34.780033
35.058426
33.539989
33.835251
34.417309
34.805328
34.172665
32.721741
33.303791
33.168816
33.480934
33.750881
34.020828
32.822971
33.835251
35.007774
35.151196
34.76313
34.999344
34.678791
34.906551
34.45948
33.708702
34.029263
32.713303
33.447201
32.55302
31.549173
32.418056
32.848263
32.75547
32.941093
32.038448
32.283085
32.485535
32.173431
31.144253
30.629705
30.418816
29.684912
30.511629
30.899656
30.646582
31.169588
31.110535
30.182617
29.254692
29.65118
28.24242
28.385834
29.533072
29.423418
29.018492
28.495493
30.148861
31.338299
31.566063
31.717903
31.785389
32.62051
32.502415
32.055325
31.279255
31.093655
31.405785
31.582937
31.532314
30.418816
31.228632
30.941811
29.997036
30.275414
30.039221
30.418816
31.000874
29.600548
29.549932
29.322189
28.993195
29.355919
28.335218
28.546116
27.837511
28.276163
28.503927
29.693352
29.541519
28.976326
29.06912
28.335218
27.845947
27.415737
27.348248
26.184137
26.251633
26.766201
26.622782
25.737053
25.087517
24.437969
24.210205
26.799944
26.108213
24.935663
25.947939
27.474779
27.67724
27.719418
27.778479
27.171104
26.428762
26.487818
27.01927
26.352844
26.234751
25.54303
25.762358
25.340574
24.446402
24.766954
25.020021
24.362028
23.872776
23.830599
23.164186
23.501608
23.349773
23.299156
24.09211
24.480143
23.062965
22.320623
21.780748
22.210962
21.477072
21.637354
22.109734
22.016943
20.96249
20.203281
20.878139
22.219397
21.409586
20.802221
20.161108
20.920313
20.920313
21.569853
21.249302
21.637354
20.861267
20.237026
19.739326
18.895775
19.924917
18.769241
19.123537
20.102064
20.506969
20.118933
19.174139
18.769241
18.085947
18.980122
19.233192
19.882725
19.680281
19.739326
19.064486
20.279203
20.692547
20.835962
21.342104
21.249302
21.721695
22.067556
21.215567
21.299911
20.557579
19.806824
20.068319
19.815248
19.098223
19.174139
18.70175
19.275373
19.469389
19.950226
19.781507
19.241623
19.393461
19.115097
18.71019
18.499298
18.204056
18.279976
17.731649
17.740086
18.448677
18.220919
17.976286
17.478586
18.541471
17.925669
17.495461
17.166468
17.006195
17.039934
16.921835
17.782265
18.743931
18.963253
19.874294
19.216331
19.865862
20.085201
20.490097
20.363564
20.75161
20.228592
20.835962
20.658815
20.17798
20.717855
20.709431
21.299911
21.84823
22.016943
22.329063
21.544558
21.148085
20.506969
21.029987
21.283058
22.016943
22.303759
21.974762
21.637354
22.556828
23.391951
23.383507
23.611277
22.818327
23.543798
23.383507
23.619709
22.919558
22.413416
22.101309
22.329063
21.274607
21.595171
21.69639
21.814493
21.122766
21.806057
21.873541
21.409586
21.139641
21.358973
21.654209
21.384275
21.325222
20.937189
20.776911
20.557579
21.426447
21.662645
22.202526
22.480894
21.84823
22.523075
22.860518
22.725534
22.843639
22.556828
22.303759
21.350529
21.114336
21.029987
21.519253
20.937189
20.692547
20.90345
21.215567
20.66725
20.616632
20.658815
20.405748
20.31295
20.422613
20.085201
20.262339
20.371996
20.093628
20.194857
20.658815
21.299911
21.156513
21.072159
21.232435
20.869705
20.89501
20.431057
20.89501
21.223995
20.793785
20.66725
20.709431
20.658815
20.700987
20.253908
20.076752
20.439487
21.612041
21.69639
22.438725
22.71711
22.523075
22.607447
22.919558
21.966339
22.278448
22.404978
22.244699
22.000076
21.299911
21.468634
22.05912
22.3375
21.974762
22.008509
21.983198
21.477072
21.738575
21.519253
21.957901
22.168785
22.118174
22.624315
22.708662
23.138889
23.307592
23.181061
22.733967
23.181061
23.391951
23.155745
23.35821
23.855913
23.830599
24.134287
23.864344
23.425697
23.96557
24.328308
24.176458
24.125843
24.395782
24.210205
23.35821
23.425697
23.35821
23.695627
23.704067
24.547625
24.623549
24.724775
25.129683
24.952549
25.188742
25.661129
25.84671
25.416492
25.079073
25.458675
25.745491
25.855143
25.273096
26.049158
25.947939
26.082909
25.661129
25.627396
25.230917
25.036894
24.901922
25.492414
25.163425
25.264654
25.602074
26.12509
25.796093
26.901165
27.230154
27.162672
26.65654
26.858994
27.179539
27.21328
27.128918
26.30224
26.386597
26.049158
26.437204
26.65654
26.30224
26.825243
26.901165
26.698709
26.504684
26.825243
26.538437
26.529997
25.48398
25.467112
25.568336
25.365877
25.644258
26.032299
26.040726
26.066042
26.293793
26.968653
27.306063
27.238594
27.533823
27.365116
27.42417
27.449476
27.668812
27.91345
28.166512
28.571415
28.554537
28.816057
28.630459
29.10285
28.757011
28.065277
28.377417
28.529232
28.250858
29.018492
28.900404
29.339054
29.170349
28.61359
29.11973
28.023102
27.66037
27.483217
27.955603
27.348248
27.964045
28.056839
28.841347
29.05224
29.229385
29.043808
29.263132
29.533072
29.727097
29.803013
29.676485
29.912668
29.195656
29.558384
29.735525
29.1619
28.824476
28.849783
28.858232
29.828321
29.794594
29.853621
29.676485
30.16573
29.963291
30.233236
30.31757
30.056084
29.684912
29.57526
30.207928
30.174179
29.558384
29.254692
28.579853
28.858232
28.579853
28.875099
29.676485
29.676485
29.811457
29.845194
30.283844
30.115131
29.735525
30.056084
29.558384
29.727097
29.043808
29.153467
29.77771
29.727097
29.339054
29.398108
29.448719
29.997036
29.912668
30.005474
30.233236
30.295679
30.253481
30.751387
30.852644
30.768251
30.683863
31.299904
31.510874
31.79781
32.050968
31.839993
32.346333
32.025654
32.135365
32.219772
32.548859
32.523552
32.388542
32.194435
32.07629
32.565739
31.848431
31.30835
31.426474
31.28302
31.198643
31.164898
30.658558
30.776693
31.333664
31.325233
31.375872
31.713427
31.434933
31.17334
31.59528
31.688099
31.207085
31.105806
30.759811
30.683863
30.869534
30.945478
30.861088
31.266148
30.903273
30.734501
31.021429
30.911732
30.18597
30.093145
29.696512
29.426476
29.96656
29.443335
29.493977
29.95813
29.823105
29.325211
28.95389
28.717602
29.046721
29.823105
29.721844
30.202845
30.304123
30.24505
30.515099
31.30835
31.603704
31.207085
31.17334
31.17334
31.367428
30.911732
31.063623
30.506641
30.456011
30.827332
30.110041
30.371626
31.156424
31.401159
31.17334
31.11425
30.548847
30.076277
29.342073
29.620552
29.747147
29.983444
29.755589
29.510876
29.257689
29.696512
29.755589
29.544613
29.325211
29.046721
29.308332
29.274567
29.409595
29.553064
29.755589
30.346313
30.540392
30.734501
30.844206
30.802017
30.734501
30.363194
30.540392
31.266148
31.30835
30.869534
31.088934
30.650118
31.046761
30.99613
30.709187
30.751387
30.506641
30.953901
31.325233
31.266148
31.502434
31.240833
31.536188
31.848431
31.25771
31.072052
30.405394
30.46447
30.1269
30.169086
30.042515
30.000317
29.696512
29.595249
29.257689
29.198618
29.899044
29.029835
29.426476
28.869509
28.742924
29.139549
29.012972
29.350521
29.443335
29.502422
28.886385
28.894831
28.354727
27.612099
27.679626
28.025606
27.780878
27.401133
27.443331
27.755556
28.067804
28.565699
28.413801
28.700727
28.768251
28.759821
29.156418
29.029835
29.164864
28.675407
28.709164
28.920134
29.350521
28.810438
29.055157
28.945446
29.190184
29.637463
30.025646
30.067831
29.747147
29.806236
29.899044
29.899044
30.0172
29.493977
29.468664
29.36739
29.114225
29.173296
29.603697
29.654322
30.46447
30.641678
30.683863
30.928602
30.582596
30.025646
30.169086
30.118465
30.050961
29.915939
30.067831
30.498217
30.278797
30.422256
30.886402
30.211292
30.067831
30.228161
30.99613
31.190218
31.13958
31.25771
31.358971
31.56996
31.747171
32.034096
32.067852
32.000332
31.89065
32.312584
32.624821
32.768269
32.565739
33.004578
33.156479
32.641697
32.953968
32.903309
33.190235
33.088955
33.080517
33.013012
33.68811
33.814686
33.865345
33.983486
33.401218
33.595299
33.797825
33.696552
33.991913
34.160698
34.034122
33.713444
33.627399
33.397358
33.806301
33.848904
33.874458
33.729626
34.053371
34.095966
34.070415
34.010769
33.652931
33.039528
32.835052
32.673161
32.843582
32.826538
32.596489
32.869141
32.434624
32.741329
32.988411
32.443153
31.821182
31.565615
31.122589
31.27593
31.650806
31.608221
31.454842
31.863783
31.966043
32.017166
31.650806
32.161999
32.093842
32.153477
31.616743
31.650806
32.119408
32.264233
32.477207
32.357952
31.923439
31.821182
31.4293
31.471916
31.872328
32.051228
31.71044
32.059769
32.042721
31.778612
31.966043
32.426105
32.102348
32.00864
31.966043
31.667852
31.812679
31.557087
31.199265
31.27593
31.105537
31.165199
30.781796
30.892557
30.901085
30.960714
30.713633
31.293003
31.156666
30.841433
31.062939
31.148138
31.097036
31.471916
31.216297
31.079994
31.233328
30.72216
30.287661
29.597561
29.606083
29.810555
29.563478
30.347284
29.895733
30.142818
29.86167
29.904249
29.606083
29.802025
29.921324
30.074665
30.440998
30.466543
30.551752
30.696608
30.475082
30.628445
30.543242
30.875505
31.079994
31.267441
31.693399
31.957516
32.085312
32.247196
32.349426
32.213097
32.536846
32.553902
32.443153
32.707264
32.937283
32.460182
32.468712
32.196087
32.127914
32.332386
31.991608
32.144951
32.017166
32.119408
32.289791
32.294041
32.294041
32.277004
32.242878
31.884727
31.526567
31.381603
31.68005
31.611834
31.36454
31.321913
31.645964
31.492466
31.603315
32.208775
32.507236
32.660744
32.737495
33.061546
33.163879
33.027416
33.411182
33.64994
33.658474
33.615833
33.487923
33.615833
33.871662
34.033672
33.752277
33.811958
34.178669
34.161606
33.829014
33.666985
33.419697
33.641422
33.351494
33.624359
33.436752
33.641422
33.095646
33.291786
33.12125
33.10416
33.12125
33.027416
32.831287
32.908016
32.79718
33.053001
32.933643
33.240623
33.189457
33.061546
33.547611
33.607304
33.598774
33.786369
33.880199
33.79491
33.411182
33.394093
33.598774
33.334404
33.197987
32.831287
32.950672
33.044495
33.053001
32.976269
32.984798
33.428234
33.64994
33.735222
33.5135
33.053001
32.618095
32.694851
32.51577
32.353741
31.970024
32.217308
32.456078
32.558407
32.328159
32.976269
32.669277
32.873932
33.394093
33.266205
33.095646
32.430504
32.677795
33.146816
33.12125
33.556152
34.059261
34.178669
34.221283
34.229828
34.246853
34.622082
34.715889
34.715889
34.553864
34.767059
35.227539
35.346935
35.432209
35.560123
35.645405
35.722149
35.423698
35.253139
35.167866
35.824471
35.909767
35.645405
35.764797
35.696575
35.440746
35.577202
35.705082
35.850071
35.73069
35.790359
35.543324
34.979164
35.004791
35.158657
35.389462
35.389462
35.081734
35.038982
34.808189
34.543186
35.312531
35.680099
35.833961
36.483616
36.628941
36.654602
36.936684
36.75716
36.740078
36.50074
36.081863
36.346851
35.26125
35.269779
35.423664
35.269779
35.517693
35.996384
36.064758
35.902344
36.030575
35.415092
34.979164
34.885117
34.731258
35.132996
34.799641
35.013329
34.611584
34.962055
35.184311
35.509113
35.227062
34.833836
35.269779
35.175758
35.269779
35.663017
35.132996
35.611694
35.637363
35.432201
35.124462
34.919319
34.936413
34.637226
34.671402
34.773998
35.363819
35.663017
35.363819
35.457062
35.542614
35.16621
35.251751
35.149128
35.328747
35.33728
35.191864
35.859085
35.970295
35.867664
35.910431
36.107178
36.449326
36.551987
36.201271
36.149921
35.859085
35.867664
36.013073
35.636703
36.321045
36.483543
36.355259
35.927521
35.893307
35.816338
35.807774
36.149921
35.79921
35.448502
35.542614
35.491295
35.782116
36.064384
36.098614
35.961742
35.645248
34.849724
34.379215
34.353569
34.096947
33.634998
33.404053
33.660675
33.335632
33.010567
33.232967
33.669243
33.780434
33.053318
33.207306
33.994312
33.90876
33.173069
33.147438
32.899364
32.848057
32.634182
31.992609
31.8643
32.189369
33.061905
32.818806
32.553425
32.596218
33.109837
32.690384
32.656143
32.74176
32.125431
32.365093
33.34951
33.186863
33.383747
32.656143
32.62191
32.26239
31.979921
32.219597
31.611837
31.081131
30.764404
30.841433
30.944157
31.346478
30.88426
30.558962
31.166731
31.346478
31.320805
31.11536
31.765913
31.757355
31.226652
31.5776
31.774483
31.62896
31.423525
31.226652
31.269434
31.491993
31.269434
31.47488
32.270943
33.03278
33.15263
33.203983
32.887257
32.89584
32.647591
32.74176
32.801666
33.049896
33.15263
33.30669
33.272457
33.452217
33.777508
33.101284
32.947197
33.144062
33.34951
33.965824
34.196941
34.231186
34.353664
34.362213
34.130951
34.62775
34.413601
34.148087
34.747635
34.918945
34.87611
34.970314
34.816162
34.379341
34.52494
35.372864
35.544178
35.467079
35.586971
35.646946
35.578426
36.143707
36.340698
36.374977
35.972401
35.801128
35.886768
35.972401
36.340698
36.092308
36.340698
36.674736
36.152283
36.383514
36.46917
35.972401
36.006676
35.91246
36.434921
36.683289
36.854588
36.683289
36.854588
37.231438
37.625454
37.779598
37.942326
37.942326
38.019405
38.070789
38.310604
38.242092
37.377048
37.4884
37.745342
37.719639
37.394188
37.90807
38.045116
37.90807
37.428448
37.599739
37.736778
37.514088
37.582596
38.002285
38.100037
37.722733
37.602676
37.465469
37.199642
36.813763
36.968098
37.15675
36.976662
37.010983
37.07959
37.782753
37.602676
37.628395
37.817055
38.262962
38.657452
38.854656
38.828938
38.511639
37.799896
37.877087
37.465469
37.371166
37.98856
37.499786
37.362572
37.396881
37.414021
37.791328
37.731308
37.868507
37.834206
37.782753
38.125778
38.11718
37.628395
37.482632
37.611244
38.245823
38.468784
38.34016
38.631721
38.751762
38.949001
38.811802
38.623131
37.036694
37.15675
36.985268
36.427849
36.144901
36.745152
36.599358
36.848057
36.813763
37.05386
36.333527
36.865181
36.779438
36.751125
37.128689
37.394707
38.115463
37.978157
37.85804
38.012489
37.746494
37.343185
37.386108
37.351772
37.403275
37.892365
38.046822
38.235607
38.14119
38.338558
37.935268
38.235607
38.312817
38.664639
38.750435
38.621731
38.741844
38.956371
39.01643
39.213799
39.737206
39.943165
39.960323
39.436901
39.402557
39.831596
39.977486
40.011795
40.011795
40.097599
40.183407
39.634243
40.140522
39.865929
39.557026
39.943165
39.754387
40.080452
40.337864
40.372189
40.183407
39.608501
39.857342
40.166252
40.492325
40.681095
40.706833
40.826977
40.826977
40.389355
39.762962
40.252041
40.174828
39.934582
40.372189
40.638184
41.013462
41.022045
41.013462
40.627018
40.996284
40.609856
40.438103
40.20623
40.824543
40.807358
40.876064
41.245308
41.485771
41.78632
41.95808
41.983845
41.631741
41.915142
42.559193
42.851162
42.808216
43.134529
43.083027
43.211826
42.979977
42.997135
42.361687
42.421791
42.061123
41.210968
41.691887
40.815937
41.133682
41.511524
40.721474
41.193798
41.485771
41.940907
40.970531
40.60125
40.876064
40.180481
39.416187
39.029762
39.768295
39.957211
40.378002
40.927574
40.815937
41.3913
41.116505
40.137543
41.28825
41.50293
41.966648
42.662247
42.232883
42.198505
41.417057
41.3913
42.018169
42.02676
42.232883
42.267208
41.915142
42.971363
43.083027
42.962791
43.268665
43.466286
43.878693
44.093468
44.316872
44.170815
44.677734
44.686325
44.377026
44.480125
45.382267
45.66581
45.863415
45.975113
45.244808
45.992294
45.640007
45.42522
46.009472
46.207096
45.055767
45.597069
46.55077
46.198494
45.579891
46.335972
46.524979
46.619495
47.281067
46.396118
46.756969
46.456238
46.98035
45.837627
44.445763
42.959366
41.868187
43.595154
43.036674
42.804699
43.199932
42.701611
42.873432
42.366543
42.821896
42.082989
42.925011
44.230968
44.419991
44.084888
43.715443
43.535011
44.316872
44.952675
44.961281
45.141697
44.093468
44.488712
44.248146
43.79277
42.727394
42.864872
42.856266
43.732632
44.595287
44.930721
45.154358
44.612495
44.5695
44.053448
43.356773
43.537384
41.628014
41.430191
40.355103
41.215168
41.275375
40.466904
41.172176
40.036831
39.606804
39.056366
39.004745
37.998459
37.852257
38.62632
37.835041
38.127453
38.196274
38.161865
38.815548
39.211178
38.660721
37.559811
36.820145
37.078167
37.499603
37.903831
37.688824
38.514503
37.817856
37.688824
37.620022
37.792046
37.430805
37.568413
37.757637
37.903831
38.093082
37.946854
36.940571
36.699745
36.906162
37.086781
36.269707
36.183678
35.487022
36.837357
36.734131
37.017944
36.338486
35.676243
37.267368
36.347107
37.089939
38.372437
38.587639
38.475758
37.623592
37.434246
37.632206
39.241806
39.155739
39.241806
39.47422
39.388149
39.086868
38.647896
39.198788
38.114235
37.942081
37.993729
39.052441
38.966396
40.20586
40.489902
39.887367
40.326374
40.687866
40.584583
40.66206
40.971935
40.636242
41.918774
41.979015
41.858513
42.116745
41.35067
41.660538
41.496986
42.254467
42.366367
42.271679
43.011917
43.046368
42.736485
42.409393
41.471169
41.617496
41.488377
42.220024
42.392178
42.770905
43.046368
42.52129
42.288898
42.831154
43.511166
42.202824
41.979015
41.78104
40.773956
40.81699
41.634727
42.004833
41.78104
41.333458
41.979015
40.845459
40.526772
40.320049
40.974659
39.320877
39.320877
38.907413
39.458694
38.511185
38.442295
38.674862
39.596508
38.545643
39.002148
38.382008
38.097752
38.106358
39.053856
39.312271
38.407841
38.571476
38.571476
39.079689
38.493984
38.993576
38.261395
39.053856
39.251957
39.157219
38.657627
38.270023
39.56205
40.164997
39.854923
40.759335
41.129734
41.172783
41.086647
41.560402
41.482868
41.000534
40.492329
40.561234
40.371716
40.905766
40.044426
39.992729
40.251144
40.578438
39.725708
39.234741
38.864372
37.606773
37.425903
37.356979
36.564548
36.866013
37.555088
37.408665
36.245857
36.530087
34.635101
35.806553
36.977043
35.235943
34.968739
35.210087
35.770351
35.408337
32.598419
33.537922
33.184532
31.676147
31.184855
30.047081
28.142212
27.918118
27.168222
26.995829
30.279808
28.969666
26.37524
27.806053
27.840532
28.616282
27.133743
26.383862
26.280428
25.435732
24.728939
27.461285
27.392323
28.305988
28.349073
28.288736
29.090332
27.573336
26.340754
26.883789
26.521769
25.944267
24.74618
26.254574
24.97891
24.453131
24.427269
23.151606
22.031092
22.987837
24.392797
24.280737
25.297819
25.099573
23.211933
23.987671
24.668613
23.970434
24.944431
25.927034
25.866703
25.780504
25.073717
25.582262
25.134048
26.340754
26.021845
25.565016
25.774776
25.213705
25.08423
25.153288
25.144646
24.937481
25.455399
25.671186
26.784706
26.776072
27.043653
26.275419
26.551647
25.956043
25.481295
25.489925
24.713068
25.118755
25.394966
24.134718
25.161921
24.825274
24.946117
25.127388
25.308659
26.197737
25.533079
25.08423
25.386343
25.783405
25.81793
26.387642
27.078194
27.190397
26.189104
26.06826
26.387642
26.266802
25.222334
25.239609
24.85116
24.920218
24.048401
24.842533
24.678532
23.987984
23.763556
22.995319
22.978054
23.590908
22.883101
22.701824
22.218441
23.590908
23.953449
24.747578
24.808008
24.393671
25.317291
25.636671
25.619408
25.229471
26.716591
26.22377
26.344812
27.157551
26.647429
25.990326
26.215118
26.604206
27.460167
27.970295
27.901119
27.166203
27.624454
28.480419
28.437178
28.091345
28.013515
28.739792
28.800314
27.875187
28.264259
28.350718
28.627403
29.128876
29.163452
28.9473
29.345026
29.639002
29.716803
30.304756
30.278814
30.28746
29.578478
29.595774
29.699526
29.336363
28.549578
28.869486
28.852192
29.604416
29.742758
29.639002
29.094286
28.999186
30.07995
29.872431
30.218288
30.59008
31.463335
31.506561
31.411457
31.765957
31.800539
31.705433
31.947517
31.835123
31.835123
31.688141
31.039684
30.737051
31.031031
30.970493
31.302929
30.368008
30.298737
30.809492
31.415466
31.484711
31.553974
31.493368
31.51067
30.818151
30.653671
29.891876
30.047688
30.099623
30.229485
30.809492
30.922031
31.960829
32.341732
32.514885
32.826519
33.051605
33.328609
34.064442
33.804733
34.064442
33.830704
34.055786
34.25489
34.151012
34.661755
34.661755
34.393414
34.090405
34.523243
34.280861
33.986534
34.514587
34.70504
34.306831
33.311306
33.787422
34.021156
34.419353
34.878174
34.843563
34.947456
34.886837
34.973389
35.008018
34.653099
34.003857
33.977875
34.20295
34.938778
35.267738
35.570728
35.908325
35.942978
36.081463
36.194012
36.722065
36.713406
36.774944
36.887581
36.956905
36.783607
36.454323
36.133705
36.74894
36.584293
36.610287
35.527161
35.423176
35.709122
36.341682
36.445648
36.601627
36.809608
36.887581
36.896244
37.398849
37.312183
37.069553
37.442146
37.450825
37.381496
37.528801
37.372833
37.251514
36.688271
35.865101
36.471668
35.492493
35.639809
35.752441
35.813095
36.696957
36.913578
37.702122
37.797424
38.040051
37.823418
38.135361
38.525307
38.646606
38.429981
37.832077
37.641453
38.248032
38.118046
38.282673
37.702122
37.745445
38.135361
38.187328
38.031364
38.230694
38.048714
37.814751
38.196022
38.386646
38.23933
38.603287
38.386646
38.438644
37.97073
38.589581
39.02356
39.257923
39.544342
39.908875
40.117191
39.952286
40.073799
39.709259
40.290791
40.290791
40.047741
40.073799
40.403625
40.23872
39.735306
40.230026
40.264767
39.796051
40.438351
39.856812
39.483574
38.329193
38.459381
38.494114
38.797909
37.799747
37.140083
37.548031
37.886539
38.094841
36.992527
37.304993
37.035927
37.417847
37.339722
37.903889
37.98201
38.468063
38.68507
38.928112
38.910721
38.832611
38.329193
38.719795
38.711094
38.849972
39.414158
39.53566
39.57906
39.709259
40.308159
40.386269
40.611946
40.941761
41.097996
41.106689
41.002533
41.262894
41.375732
41.514606
41.263508
41.637123
41.923855
41.724022
41.663193
41.706642
41.90649
42.045502
41.84565
41.84565
42.236683
42.358299
42.254032
42.349625
42.601597
42.636345
42.85358
43.366222
43.557377
43.036045
43.009964
43.227177
43.470482
43.71376
43.89624
43.800659
42.870953
42.897015
43.644253
42.784077
43.383591
42.080254
41.863049
40.46413
39.456223
41.506809
41.463356
42.24535
41.576313
40.776928
40.907288
40.342491
40.021008
38.535206
38.960957
38.804539
38.839317
38.404854
39.855907
39.621311
39.256386
40.186085
40.568382
39.178185
38.465679
38.396183
38.074673
39.160797
39.534428
39.525711
40.585777
40.750854
40.881199
40.915146
40.566921
40.25354
40.088142
39.478752
39.486614
39.347061
37.829338
37.253651
37.14901
37.044338
37.157711
38.343956
38.553318
38.919659
39.033028
39.538944
39.739571
39.774452
38.675426
39.006878
39.477879
38.937107
39.922737
40.175697
40.507156
40.489697
40.166977
39.870399
39.95763
40.70776
40.533314
40.943268
40.847324
40.786247
41.065384
40.70776
39.60001
39.285999
39.006878
39.07666
39.573837
39.730846
39.128983
39.181343
38.797554
38.073582
38.439919
37.977642
38.439919
38.038696
37.907845
39.041759
39.477879
40.132084
39.861683
40.341423
40.498421
40.646694
41.213669
41.388119
41.64978
41.815521
41.957153
42.691551
42.682823
42.569145
42.551651
43.417206
43.181141
43.163673
43.093739
42.90139
42.84893
42.385551
43.417206
43.041267
43.198635
43.495892
43.513405
43.810646
44.169102
44.081676
45.017151
44.85104
44.431381
44.754871
44.842312
45.148293
45.366879
45.489277
45.629154
45.72533
45.620422
45.655396
46.145012
46.354839
46.923107
46.923107
46.984318
46.730774
46.966827
46.669567
45.908936
45.734093
44.982182
45.113331
45.838982
45.873974
46.25864
45.52425
46.442253
46.136269
46.101261
45.541721
46.503448
46.975555
47.097969
47.080479
47.106705
47.28157
47.325283
47.640034
47.473923
47.561348
47.351513
47.718727
47.760757
47.795792
48.084908
48.076134
47.953499
47.979759
47.892159
47.997295
47.883389
47.708202
48.45282
48.417793
48.829494
48.987202
48.943394
49.127365
49.197445
49.547855
49.565372
49.933304
50.073475
49.504055
49.153645
48.776958
49.451488
49.521572
49.78437
50.090981
48.820747
49.057278
49.977116
49.898262
49.985867
50.266197
50.502716
50.835629
50.748001
50.826855
51.194775
51.317432
51.247341
51.580231
51.562691
51.44883
49.959583
49.547855
49.810661
50.502716
50.607838
49.793133
50.055927
51.045856
50.783039
50.099762
50.301247
49.959583
49.179913
49.486534
49.311337
48.610519
47.436626
47.874657
47.766743
48.687878
48.600155
48.872097
49.740578
49.863396
49.591442
50.073944
50.310802
50.380978
50.407303
50.24062
50.109024
50.231842
50.196766
49.959904
49.793217
49.45108
49.872169
49.784428
49.696712
49.345818
49.652847
50.775749
51.179279
51.310871
51.600372
51.951286
51.872314
51.828449
51.731956
51.486324
51.407372
51.12664
51.293324
51.486324
51.924961
51.547729
51.854774
51.240704
50.354656
50.495022
50.916103
51.06525
50.679241
49.933571
49.626553
49.819534
50.126572
50.380978
51.196823
50.082706
50.187988
49.433537
49.029991
48.942276
48.59137
48.6791
47.933434
47.933434
48.547504
47.626389
47.442154
47.293579
47.539749
48.559658
48.207962
48.65638
47.812328
48.57724
49.298203
49.500439
50.159855
50.915985
51.170967
51.338017
52.041397
51.900734
50.959953
50.573082
50.784096
50.195019
50.863243
50.590668
51.742458
51.522652
51.865536
52.401863
52.296371
52.428249
51.074245
51.162174
50.995113
50.757729
49.47406
49.94883
47.627686
47.328743
44.480038
46.625359
44.717442
46.68692
47.100151
47.794735
47.390293
47.108948
44.796589
43.987675
44.145935
45.965935
46.326435
45.570309
46.713291
48.014534
48.331062
48.410202
47.97057
46.845169
46.853966
48.040932
47.821102
46.757259
47.355118
47.988174
48.673969
49.394924
49.847679
49.865303
49.645084
48.781841
47.196297
47.698387
48.253342
48.755424
48.033115
47.460575
46.236179
45.047016
45.971912
47.15229
47.945057
47.627918
49.275131
49.609844
49.856499
50.314541
51.248257
50.455482
51.080872
50.094322
49.847679
50.473099
51.521313
50.50832
50.446667
51.838417
51.917702
51.045647
49.715549
50.138371
51.177769
50.913521
51.274685
51.864838
50.041477
50.01506
50.957569
50.64045
51.204205
50.358589
49.178226
48.799454
47.865749
48.0243
46.940865
46.579708
48.200489
47.901001
49.671509
50.01506
49.874123
50.420223
50.279308
50.279308
49.433697
50.226456
49.662712
49.11657
48.350231
48.218109
48.466351
47.989285
49.411652
48.704887
49.12011
49.544155
49.728962
49.154228
49.507923
49.366436
50.312561
50.524773
50.940369
51.11721
50.949219
51.32058
51.426689
51.630058
51.444363
51.913006
52.602711
52.929871
52.850285
52.867985
52.770714
53.43388
53.248192
53.407349
53.451565
53.522301
53.955585
54.123585
54.866344
54.822121
54.937069
55.228867
55.626778
55.23772
55.750557
55.892033
55.502991
56.263424
56.086567
56.245724
55.989307
56.360676
56.555214
56.6348
57.20953
56.953133
57.404045
57.359844
56.767406
56.210358
56.643635
57.253738
57.492485
57.51902
58.588932
58.792309
58.960331
58.918705
59.334961
59.441269
59.450123
59.326092
59.290707
60.326988
60.415562
60.176418
59.946125
59.831001
60.450966
60.433289
59.609531
59.981564
59.529831
58.573231
58.85667
59.529831
58.626392
57.970959
59.148949
58.998405
58.334087
58.174641
57.64323
57.333233
58.85667
59.202122
59.5564
59.131245
59.228687
59.396976
58.768112
57.306644
57.359791
57.147221
56.970078
56.854927
56.846069
56.314644
56.128643
55.747768
54.569748
53.861168
55.366924
55.304897
55.411194
55.04805
54.977184
55.676929
55.207474
54.968334
53.506874
53.91431
54.13575
55.375778
55.154335
55.685768
54.746906
55.411194
55.030331
55.234047
55.920292
56.44408
57.029999
57.074387
55.653954
56.23988
55.156799
55.503036
55.840382
55.218956
56.958977
57.12764
57.607029
57.642555
56.92347
56.816933
56.257648
55.946918
55.423126
56.266521
56.106709
56.399685
57.163162
57.793465
57.029999
56.337543
55.893661
55.520798
56.257648
57.589275
57.544891
57.527157
57.358471
57.154274
58.237347
58.681244
59.169506
59.142868
59.320423
59.355953
59.497986
59.524616
59.675537
60.385746
60.652069
60.740829
60.501144
60.749737
60.252583
60.625435
60.723095
60.723095
60.723095
60.110565
60.510036
60.447876
60.385746
61.726246
61.637501
60.847389
60.749737
60.927284
61.752918
62.303326
62.32996
62.383221
62.498646
62.436481
62.454311
62.08926
61.216797
60.718208
61.555099
61.047611
60.958591
61.136635
61.528366
61.742046
61.412651
60.851753
59.88134
59.57864
59.391663
59.364971
59.801208
60.646976
60.611393
59.908043
58.474636
58.777344
58.216469
58.011684
58.011684
58.180855
57.824738
58.643826
58.020611
58.403423
58.510269
57.130318
56.23111
56.471497
56.462593
56.070854
55.412041
55.22509
55.465469
56.7831
56.8009
56.916653
57.780228
58.029503
57.833645
58.332195
58.679432
58.58149
58.465755
58.430145
57.780228
58.15414
57.806942
57.976105
58.732841
58.608231
58.145245
57.593285
58.358917
59.249203
58.991043
58.991043
58.370628
58.25425
57.743938
57.654423
57.099361
58.307957
60.161121
59.847782
59.650845
59.668739
59.552391
59.776176
60.134274
60.214848
59.946274
59.650845
59.892563
60.179039
60.044743
60.143208
60.510292
59.677689
59.982067
60.116367
60.125317
59.999981
59.865688
60.572964
59.516556
60.393887
60.196926
60.250656
60.86837
60.886303
60.635609
60.850494
60.832581
60.653503
61.092209
60.152172
59.507607
60.107426
59.364361
59.58815
60.196926
60.071606
60.322304
60.590851
61.486099
61.333893
61.495041
61.566666
61.745724
61.521923
61.441353
61.647251
61.475845
61.341278
61.224613
61.655342
60.95541
61.547665
61.323334
61.655342
61.736099
61.888626
61.466896
61.951443
61.386154
61.404091
60.892597
61.215656
61.62841
62.830837
62.80389
62.759022
61.520729
62.337284
61.116947
60.27346
61.098969
61.727093
62.319366
62.292439
62.624432
62.427017
63.001331
63.458988
63.162846
63.961472
64.715202
64.966469
64.930573
65.244629
65.1549
65.549721
65.630486
65.971489
66.106087
66.034302
66.671394
66.572678
66.644455
66.061188
65.908638
65.872757
66.30349
65.989441
66.339394
65.729179
65.845833
65.50486
64.652382
64.966469
65.85482
65.881729
65.226692
64.472939
65.289513
64.858803
65.486916
66.025314
65.289513
63.737141
63.398663
62.768559
63.227654
63.794754
64.064758
64.154778
64.550888
64.577858
64.838951
65.334038
65.397003
65.793091
66.171196
67.485428
67.782463
67.935478
67.845512
68.01651
67.845512
67.143349
67.341385
66.846283
67.062332
67.485428
67.845512
67.71949
68.079521
68.205544
68.898666
69.285744
69.33075
68.916679
68.790657
69.132736
68.853676
69.015701
69.402763
69.141701
67.971497
67.944489
67.827507
68.124527
67.89048
68.556633
69.015701
69.051712
67.638474
67.899475
68.376587
67.935478
68.322586
69.051712
69.168724
69.249725
70.059906
70.401985
70.266937
70.221939
70.266937
70.077904
70.54599
71.392143
71.563156
71.317596
71.173111
71.173111
70.929367
71.48011
71.389816
71.218269
71.940567
71.913452
71.073822
71.687775
71.091881
69.719513
69.5028
70.974518
71.534279
72.039894
71.759964
72.572578
72.9879
74.170662
74.333176
74.441513
73.990089
74.315109
74.847824
74.865868
74.992249
74.920029
74.748505
74.766563
74.874908
74.956154
74.93808
73.529594
74.522774
74.405396
74.522774
75.425629
75.66037
75.804825
75.064499
74.847824
74.667213
75.425629
75.831909
76.01252
76.409767
76.942444
77.402916
77.1772
77.113998
77.186226
77.086922
77.646706
77.962708
77.908562
76.906349
76.707733
76.608383
77.032738
76.879257
77.773094
77.556412
78.346214
79.170425
79.206657
79.469292
79.270058
79.152328
79.668587
79.04361
78.47303
78.183197
78.907768
79.079872
78.817192
79.070793
77.902405
79.387817
80.039932
80.049011
79.59613
80.202972
80.411301
80.139595
78.563606
77.80278
77.757484
76.924202
78.346214
78.137901
76.344543
76.906105
76.70681
77.68502
79.070793
79.523689
80.42942
80.583382
81.181168
81.344223
81.742722
81.181168
81.561577
81.452904
81.887642
81.797066
81.724617
82.254837
82.163879
81.554535
82.591377
82.818726
82.745979
82.336678
82.409477
82.054756
82.363983
81.199814
80.645035
81.354431
82.336678
81.891045
82.118416
81.13031
80.419243
80.683624
79.644417
79.197739
79.352699
79.91787
81.321701
81.53138
80.884171
78.732834
77.985336
78.705482
80.054611
77.575134
76.672661
77.2743
77.529533
78.559624
78.577835
79.16127
79.79026
79.088348
79.844978
78.568764
78.82399
79.45298
79.662666
79.899643
79.753792
80.173141
79.133926
78.906013
78.833107
79.124817
80.428329
80.483078
80.063744
79.434723
79.954346
80.510406
80.218697
80.984451
81.339928
81.932495
82.953415
82.698166
83.226891
83.236008
83.153946
83.117531
83.427444
84.129349
84.612503
84.548706
84.69455
84.6763
83.910606
84.156677
84.229652
84.2752
84.749237
84.69455
84.794189
84.812454
84.730179
85.26947
85.315163
85.689888
85.836166
86.777618
86.923843
87.472275
87.207207
86.156052
86.795876
86.52166
87.079216
87.600243
87.298607
87.645935
86.48513
87.856178
87.74649
88.304039
88.870735
88.770218
88.422844
88.450264
88.294884
88.64222
86.850708
86.530823
87.124924
86.457703
86.393723
86.119514
86.741074
87.252907
87.216316
88.139511
88.596519
89.026108
89.711632
90.214333
90.214333
90.397148
90.534248
90.854179
90.945564
90.963821
90.863281
91.2015
91.46656
90.927292
90.845016
91.302025
91.475716
90.717072
91.46656
91.393456
90.927292
90.04982
90.835884
90.972977
91.658524
91.601707
90.749634
90.502258
91.473419
89.549408
90.502258
90.383163
90.511414
89.063828
89.063828
89.943359
89.750946
88.477455
90.199905
88.743149
86.525955
85.169968
85.179138
84.629425
84.098007
85.206612
86.480118
88.752312
88.29422
89.622711
90.355667
90.4198
91.78492
91.445953
91.638359
92.902725
93.177551
92.866051
92.875221
93.168373
93.085907
93.415756
93.708939
93.873878
94.276993
94.570198
94.286163
94.991608
94.561012
94.982468
95.165703
95.907814
96.054413
96.677429
97.126389
96.026932
96.411774
96.585815
96.540016
96.549156
95.86203
96.164398
94.652626
95.101585
94.066261
93.095108
91.601707
93.269173
95.513893
95.934128
96.173248
95.832985
95.915726
96.596291
96.577873
95.934128
94.950127
94.665047
93.276443
92.025787
93.212105
94.996124
94.370796
93.386818
93.359192
92.844223
91.639519
92.715469
93.45118
93.929382
95.66745
95.878967
95.7686
93.285645
92.807434
93.699478
92.972977
93.782249
94.683464
94.6007
95.419144
94.83979
94.536339
96.007713
96.35717
97.479095
98.315926
98.407906
98.545845
99.033218
99.695351
99.796494
99.870094
99.62178
100.127548
99.686188
100.587402
100.118393
99.732132
99.906876
98.775742
99.060806
97.221596
96.660629
97.295181
96.872139
98.122818
98.279144
99.244736
99.391876
100.035233
99.84169
99.482178
97.205513
96.873734
97.260864
98.376114
97.334587
96.827652
96.892159
97.684837
97.518944
98.293167
98.910751
99.316315
99.067436
98.781693
99.399254
99.261009
97.712486
99.178055
99.602058
100.145866
100.523727
101.887939
101.629845
101.427055
100.791084
99.205688
100.514557
100.68045
99.039787
98.357704
98.947624
100.182716
99.795609
99.343933
99.546745
101.003075
101.003075
101.445511
101.334869
101.399422
101.924805
101.823395
100.652794
102.275055
102.044609
101.436256
101.777328
101.454727
101.758881
100.984619
100.74501
99.721863
99.555954
100.920113
101.067604
100.238045
99.740318
100.284103
100.560646
102.026184
101.521759
102.270073
102.353233
101.826622
101.62339
100.948982
98.56546
98.916512
99.701759
99.729515
99.49855
99.747948
98.011101
97.955704
99.452347
101.198418
101.863586
101.974434
103.415649
104.939995
105.300308
105.235672
104.043884
103.655876
102.63961
101.789665
102.667358
103.055367
103.544991
103.424896
103.101532
102.907547
103.702065
102.039146
101.909798
103.073814
101.752747
102.103798
101.937515
102.094559
102.944481
102.4179
101.743484
98.925766
94.602127
90.962189
90.620354
95.184158
97.595398
97.57695
96.366684
93.35495
95.987907
95.516747
94.380409
97.041107
95.950958
96.994888
97.530739
97.235115
98.380692
98.934982
98.971924
97.564262
97.869896
96.406654
96.480721
96.128822
95.313866
92.60041
92.118835
94.239586
94.665611
96.323311
97.703201
97.240143
97.82357
98.212524
98.657051
98.89785
98.25885
98.10141
99.71283
100.12957
100.703735
100.185158
99.573906
101.602066
104.44516
104.510002
104.723015
105.593536
105.426834
104.954536
106.139938
106.510368
106.51963
106.232544
106.306625
105.176796
104.908211
104.778557
103.759834
101.722443
103.185677
103.250496
105.232361
105.306458
106.019547
105.713928
105.621315
105.713928
105.862114
105.593536
106.649261
105.991722
104.195145
106.630753
106.149193
106.158447
104.547043
105.019363
102.602249
103.380142
104.009918
105.556496
104.019165
102.023811
103.157127
103.835251
104.606285
104.587669
104.531929
106.176147
105.219337
103.909554
101.7173
101.540787
100.56543
97.416389
96.6175
96.914749
98.038727
94.657471
96.673218
93.672798
93.877174
93.589203
93.682091
96.394554
94.964012
95.818611
93.431282
94.750336
96.728966
96.989059
94.889664
94.434494
94.425247
91.146118
89.752739
89.474045
89.817772
89.687714
91.053215
93.106133
95.214813
94.127953
94.406654
95.939339
94.360199
95.261253
96.199478
96.078705
95.214813
98.271011
98.308136
98.122337
98.159515
97.555695
96.747543
97.369904
97.221298
98.921227
99.088409
99.051262
99.933754
99.878006
100.034538
100.425827
100.733315
99.904099
99.93203
99.792305
101.394775
101.888573
101.739532
102.820259
102.42894
101.44136
103.109085
101.627716
101.553162
101.180527
102.028358
103.33271
103.342018
103.081146
103.630806
102.997292
103.081146
103.090477
101.534554
101.534554
101.040733
100.230194
99.019012
98.497269
99.42894
98.506584
97.873062
97.845085
98.366821
98.646317
99.997253
99.093559
98.65567
98.292305
99.522102
98.273674
98.627686
98.115273
99.19603
99.06559
101.050056
101.776764
102.074905
102.605965
102.801636
102.810944
103.025261
102.540787
102.913399
102.652565
102.82959
102.661896
101.497284
100.649445
100.649445
100.360634
100.658783
99.478912
100.104828
100.422424
100.179527
101.608818
97.423759
95.490036
97.582527
99.310776
100.459785
100.964226
100.34771
101.169739
101.468697
103.038078
103.626617
104.149734
103.89753
104.607468
104.439331
105.130608
104.747604
105.971359
105.728462
106.167526
106.176865
106.298302
107.036285
107.409943
107.643501
108.213333
107.391243
107.746231
108.05452
109.091461
108.969994
109.222221
108.941978
109.409065
109.483772
109.950874
109.343658
109.539841
109.567848
109.539841
109.623917
109.820068
109.110115
108.932632
109.091461
109.240898
108.885933
108.773819
109.05407
109.409065
110.090996
110.15638
109.511826
106.75605
108.671089
107.699539
108.213333
109.894829
109.842369
109.364784
109.57077
110.647789
111.528084
110.81636
109.889206
110.975555
111.162849
110.357452
111.181602
111.022377
110.853828
111.247131
111.190933
110.947456
111.649849
110.05777
109.964127
109.57077
109.70192
109.402222
110.376213
110.366821
110.235703
110.647789
111.977592
111.62175
110.863152
110.357452
109.664444
109.561417
108.737297
107.866356
106.808121
106.433517
108.962082
109.67382
110.179527
108.400162
108.446983
107.351273
108.840347
109.486519
110.282532
109.870483
111.013039
111.350159
110.900642
111.256493
111.003639
111.387627
110.039062
108.137947
108.35334
109.19619
109.458405
110.844444
111.041115
111.912071
111.406349
112.811089
112.576981
112.75489
112.336929
112.797173
113.22924
113.144714
112.825348
112.900497
113.482819
112.599937
112.440231
111.28495
112.280556
112.891121
113.529785
114.525429
114.901154
115.154755
115.464722
115.28624
115.680748
115.333229
115.568047
115.511665
115.765259
115.8592
116.638794
117.812897
117.93499
118.160439
117.239937
117.005104
117.812897
117.709579
118.047707
118.188583
118.620667
118.817917
119.249969
119.644485
120.32074
120.72464
121.438492
121.400909
121.92688
122.528038
122.574997
122.114723
122.349548
122.499863
122.124161
123.457909
122.837997
123.063431
122.791023
122.584412
122.800415
122.894348
123.41095
123.617577
123.316994
124.077866
123.993271
123.950012
124.062935
122.180481
123.008751
122.698181
122.952301
123.149971
123.902954
124.477097
124.684166
124.599419
124.524132
124.721802
124.213539
124.279396
124.213539
124.260628
123.724113
123.225235
122.735832
123.752319
123.564117
123.761795
124.797096
124.768829
126.274834
127.187828
127.008949
127.77137
127.997246
129.136154
129.352661
128.938522
128.985535
129.456161
129.738525
130.190353
130.265594
130.162094
130.453857
130.867935
131.413895
128.072571
129.192627
129.738525
130.830383
130.962143
131.564529
132.68454
132.919891
133.032806
132.985779
133.503433
135.028259
134.999954
134.46347
134.99057
135.131805
131.752762
131.046799
132.110428
131.536301
130.952682
130.384567
132.564713
131.526535
132.828979
132.791214
133.300858
132.677979
130.271286
132.149429
129.856049
129.903214
128.534714
129.799377
128.62912
130.016495
130.865906
131.233978
132.791214
133.083801
134.131378
134.197479
135.094055
135.886917
136.066147
136.009567
136.632446
136.283264
136.726807
135.867996
135.7547
135.17897
135.490448
135.858551
135.330002
135.575424
136.434296
136.198303
136.018982
133.102646
134.112518
135.839661
135.934021
136.169983
133.385818
133.291428
133.121536
135.150711
134.669388
134.272995
133.989868
134.405121
134.933578
136.51918
137.982056
137.793304
136.556931
136.972244
137.293137
136.103897
137.670624
138.0009
138.189713
137.378021
137.84996
137.669296
137.905823
137.480103
136.638306
136.505875
135.0681
135.418152
136.638306
136.590973
137.574692
137.697662
137.990891
138.123306
139.475922
139.665009
139.504227
139.608307
140.024429
139.769104
140.308243
140.790604
140.970322
140.800034
140.279816
140.658218
139.740692
139.977188
139.447495
139.002945
143.051178
143.372833
143.911926
143.864609
143.590363
144.971268
145.463104
145.548233
146.134674
145.36853
145.359055
145.538803
145.009109
144.328079
146.172516
145.614471
145.500961
147.080566
147.260223
147.799408
147.7332
148.111511
145.529404
146.749512
146.125183
144.441666
144.536179
145.188858
145.680649
146.323853
147.458878
147.260223
147.544006
147.439972
149.114136
150.364304
149.473343
149.312195
149.331192
149.160538
148.354919
148.37384
148.553925
147.634583
150.222137
151.681839
151.947159
153.47319
154.070343
154.079788
153.71965
154.77179
155.90918
155.463699
157.141357
157.169754
157.662613
159.349777
160.667313
159.62468
159.567734
162.013168
161.226486
159.899521
160.563004
159.198105
156.022858
149.87149
153.842896
151.852417
145.445068
147.956802
150.582367
151.359497
154.193527
157.056015
156.35463
156.667404
156.221878
156.203003
159.397141
161.510818
159.51091
158.487274
155.899673
157.330917
159.074936
159.747894
160.117554
160.999008
164.126862
164.998901
162.752533
162.724045
162.581894
162.098541
158.639984
159.162094
158.46907
154.557678
150.484833
156.07666
151.02597
149.28862
152.022797
147.636719
149.298126
151.652618
152.516495
148.700043
149.744293
153.048157
152.165192
153.997513
153.200027
154.367752
157.690613
158.013367
156.560776
154.082947
153.693695
150.437393
150.617722
153.788635
153.883575
152.791809
154.538666
153.627243
153.608307
156.522858
157.823486
157.662109
159.380417
161.032333
160.880508
161.155762
159.370987
160.424759
159.807663
158.981735
159.8741
159.665268
161.013397
160.965912
161.127304
160.415283
161.564041
161.459564
163.9944
165.475479
165.988052
166.956467
165.598846
165.608353
166.054596
166.927948
166.918488
168.608337
168.01976
167.922653
167.446991
168.636307
167.171051
166.800018
163.041977
163.707932
161.481659
162.870743
163.30838
164.402466
162.499664
164.516678
167.075928
168.579117
168.70285
167.846542
170.738876
170.881561
170.472458
171.509491
171.185974
170.329773
170.291641
170.834
171.538025
173.935516
171.300125
168.988297
166.600204
167.875092
168.512527
170.805435
171.32872
172.337143
172.965134
173.174454
173.069733
171.74733
171.557098
172.632126
170.520065
171.081314
171.119415
170.967178
171.595108
172.261078
172.013718
173.612061
175.381699
175.638535
177.665054
177.351089
177.579437
176.818329
174.534927
172.97464
172.30867
172.889023
174.220932
173.70726
175.562469
175.048721
172.527496
173.954605
173.82135
175.74324
174.782288
175.268417
175.506683
175.630554
177.117416
177.079254
177.441483
177.041153
177.231796
173.829193
171.703735
170.655319
171.20813
163.678482
161.648392
166.147064
164.136032
168.911133
168.977798
165.060501
164.90802
165.756317
165.146317
157.58812
163.039932
158.846191
155.577042
158.140915
161.858017
163.992996
161.438675
161.038361
162.258347
167.348007
166.280487
163.478348
158.531693
158.66507
157.454697
160.209137
159.646866
154.461884
151.697891
152.85112
151.745483
155.252975
155.777206
160.790497
160.266357
161.429138
164.250427
157.950272
159.065445
153.813721
155.42453
155.939224
157.311707
157.359375
153.527832
150.048981
150.992508
147.284912
145.149948
140.651245
137.163391
145.727707
146.291672
146.215179
147.448227
148.040848
143.2043
149.331223
151.109116
152.475937
153.718582
154.158234
153.594315
152.237015
155.209686
155.181
156.40448
157.952957
154.789062
154.989777
155.993423
157.857346
155.90744
154.435471
158.363953
160.734451
160.055771
162.043976
163.477707
162.990219
160.801331
161.116791
160.963821
163.343857
163.458572
163.659286
164.347519
164.672455
164.643829
164.041626
165.255554
165.857788
166.0298
165.924683
165.542343
166.689316
166.718002
166.8423
165.895981
163.860077
163.611526
167.014328
167.931915
169.193634
168.90686
170.474518
170.880493
171.455002
172.134872
174.825745
170.985825
170.660233
171.455002
170.35379
170.746445
172.039185
174.318176
174.978928
175.98436
175.917374
176.827072
177.277145
176.654678
177.602692
177.181351
177.947418
177.976135
178.588989
179.211395
179.441254
179.948761
182.237396
181.662842
182.400162
182.562973
182.917282
181.500046
180.915924
180.130707
183.00351
181.883118
178.340057
177.889969
176.932404
177.152679
171.004959
172.881836
175.323624
177.085587
175.275787
172.316895
174.117142
173.341461
170.68898
170.602798
169.961212
168.563126
169.271744
166.57135
162.903809
167.490677
168.735535
170.076096
173.360611
175.381104
175.620499
174.605453
175.639648
174.892746
175.946091
178.502838
179.173141
180.839325
180.571198
180.57695
177.477158
178.30249
178.983871
179.214218
181.632645
182.352402
183.724777
183.350525
182.064529
182.976212
184.799606
184.665298
185.730576
186.325562
185.365875
184.454147
184.665298
183.312119
184.770874
185.980057
187.285217
185.509811
187.419601
186.776642
185.97049
183.398468
182.486755
179.799637
173.446396
175.874405
176.824539
180.672913
178.974289
176.920532
180.797668
175.394562
175.193069
178.004944
180.836075
179.434937
181.028015
180.442627
174.732407
177.371597
176.997314
177.630676
180.346588
179.914825
178.168091
180.740189
184.051071
183.868713
183.484833
182.957062
184.674881
185.442642
184.780426
183.955124
184.838043
184.761246
185.06839
183.110565
183.19136
180.758423
182.78746
182.114304
179.854446
181.566193
180.085297
176.988815
178.93132
181.566193
181.018066
178.306244
180.046783
181.441193
183.777969
183.758713
186.095459
185.633881
186.124329
184.335709
185.970474
184.489578
184.845337
186.643646
188.134109
189.990128
188.518753
189.432388
189.518921
191.240173
192.423065
192.528809
192.096085
192.740372
193.509705
193.250031
193.807785
193.855865
193.702011
195.125198
195.279099
195.567566
194.394348
193.961716
194.086655
196.38501
196.760056
198.135132
197.231186
195.211777
193.682755
194.663666
195.048309
197.135025
196.240723
196.077209
197.115829
198.587097
199.241058
201.241196
201.356613
201.510513
202.770203
203.587631
204.125366
204.231384
206.033524
205.860046
204.51088
204.896317
208.317581
206.409409
207.739304
207.710388
209.271667
211.044922
210.505142
212.933792
212.095337
212.182068
214.215515
215.275604
215.179199
215.747864
216.441681
214.620285
210.187164
213.415619
213.762558
214.523911
211.121964
214.31189
219.217209
219.940018
221.838577
220.88443
223.55397
223.592499
225.770569
225.481415
226.12709
226.213806
228.382187
226.262024
221.915604
213.357803
207.556183
208.625946
198.179214
198.333389
208.56813
201.879883
210.302841
203.913361
200.47287
186.547134
196.704758
188.137283
170.886658
185.361755
163.157654
175.531845
170.192795
171.214355
164.506866
164.625687
177.373871
176.060425
185.331818
178.957703
185.467041
183.883133
176.070053
179.643433
177.093765
189.755081
189.677811
193.705109
193.985138
196.080872
204.608643
202.26181
205.951096
207.921265
205.458572
197.877182
203.749115
203.314545
206.520874
208.182022
204.260971
211.504257
211.417358
205.458572
207.853638
210.210129
211.504257
214.227798
217.163712
219.104919
214.517487
211.832642
214.237442
215.628143
219.645752
219.095245
223.470184
221.036423
221.799377
221.200623
222.407852
222.118103
225.372833
226.048828
227.565094
228.588821
226.985596
231.48613
233.282425
234.97258
237.792587
226.010147
227.806534
230.578308
234.537964
235.281647
235.918991
235.880371
238.709213
240.74086
235.777817
238.022339
232.401413
234.936111
239.541245
242.337143
243.981842
249.980057
248.25795
251.527954
253.646683
255.378448
250.125122
251.895523
252.40834
250.686264
250.976532
258.096924
255.407425
256.30722
249.612427
247.242142
251.653656
248.451447
251.315079
252.63089
257.13916
260.612305
261.579834
262.227936
265.701172
262.634338
261.512085
256.558807
263.011597
263.611481
263.301849
266.358948
268.922729
267.113617
270.81897
272.695892
274.398468
276.555939
282.457367
281.577087
283.00885
285.28241
290.158386
292.905823
278.05545
274.350098
261.163727
268.835754
263.476013
261.647491
266.204193
269.977234
265.672119
261.521698
258.184113
258.803223
263.611481
255.562271
256.752197
262.721375
268.177856
266.968536
268.797028
273.063324
265.381866
271.041443
266.204193
270.809235
272.250824
276.410858
284.943756
284.934082
282.554169
280.657959
279.119659
274.562897
275.153168
274.940277
274.930725
275.472412
271.34137
273.460083
262.798828
267.394196
260.612305
261.19281
265.710846
277.571716
284.80835
285.021118
279.197113
274.195374
280.329132
279.013336
281.460907
283.657074
282.757263
280.667603
282.86377
280.928802
280.938568
284.885742
286.636841
289.278046
289.868042
293.583038
293.960419
294.376495
295.576141
297.249786
298.255859
291.503052
292.673615
292.025574
294.144257
297.288452
298.923401
300.877686
299.968231
299.407104
300.221283
298.70929
300.027405
303.051331
303.322723
303.332397
304.078735
299.785034
302.256561
298.069641
305.280579
309.205841
304.737793
304.253204
306.307922
304.669922
302.256561
306.666443
313.799805
316.310089
315.398987
318.006042
318.471405
309.593445
311.425262
304.873505
312.491364
317.589478
316.329437
320.070526
321.156128
323.30777
323.239838
322.503265
324.276917
326.089355
325.207367
323.646942
322.231934
320.826538
312.510773
311.580414
314.148804
303.196686
304.4664
313.625366
308.595154
299.639771
294.735535
299.174469
290.703644
302.169342
301.306793
308.246307
305.745728
309.011993
310.708038
311.987427
302.431
303.497131
309.188721
307.839844
302.648071
302.124023
306.655884
306.568634
305.025635
309.693451
314.972565
321.260834
321.03772
321.814026
325.171692
327.141663
326.714813
330.528503
326.559387
331.508636
331.896851
328.859406
326.462433
329.257172
325.288239
329.383484
331.528046
330.091827
328.975769
330.15976
327.995697
326.248962
320.377808
319.300659
321.707367
324.31781
316.127319
315.690674
307.519653
309.897217
316.738739
314.817261
312.691986
313.051117
319.106567
317.340363
322.677734
323.124115
324.249847
323.036835
324.055695
322.978485
323.609314
320.242004
325.676331
326.64679
326.802002
326.879639
330.285919
331.149506
334.322937
332.139465
330.926361
335.128357
332.498535
334.564941
337.683594
337.848846
339.937683
339.519897
343.648987
344.892578
344.348511
344.484528
348.438721
349.944611
350.683136
348.565094
350.741364
352.111206
352.111206
352.742798
350.26532
347.428345
344.581696
348.584503
351.275665
353.597748
357.726898
358.008698
354.064087
355.424225
356.055817
354.200134
354.229279
356.376404
356.891327
359.155121
357.581116
358.241821
356.405518
355.793457
357.075836
358.329224
358.484741
355.327087
351.907318
353.607483
357.270233
362.613708
363.721344
364.139069
361.826904
365.343842
369.443909
369.1427
369.7547
369.579834
370.716553
371.24115
369.949036
368.6763
365.878204
365.62558
364.58606
367.296631
367.549286
363.196625
355.691925
356.129547
359.455994
362.772675
363.113068
360.214661
350.021423
349.44754
348.163757
350.322968
342.969818
347.599518
349.826904
353.036591
351.276093
348.58197
347.36615
350.147858
356.596405
358.84317
362.45163
365.194519
364.717987
366.945282
363.861969
367.587189
368.744629
369.600555
373.705048
375.543335
376.827179
378.402893
382.4198
387.32196
387.691498
387.166229
384.501312
378.850281
379.900726
383.898254
383.810699
386.543854
386.748047
390.75528
392.933929
388.372314
386.602203
387.847168
380.494049
388.751709
383.042328
376.525696
379.239319
372.644897
375.63089
386.942535
388.673828
382.954742
387.117676
381.525024
377.576141
386.18396
376.253265
374.376129
370.744568
379.041962
383.658081
386.550537
392.93924
391.118042
391.05957
389.890991
387.456299
391.186279
386.112335
374.250488
373.987549
369.936188
370.179688
375.740601
377.230652
367.793762
370.082336
360.869446
356.905823
352.270111
342.502167
344.07019
336.094055
335.568146
332.188904
342.609314
353.56543
355.970886
358.863373
344.313568
348.657104
345.852356
349.738098
357.149231
349.06604
337.993195
338.411926
346.826233
346.738525
336.425293
332.588165
329.247711
320.814026
331.594757
336.736908
337.739929
332.568604
338.148956
333.318542
328.488098
316.373108
314.902557
326.238495
322.615601
315.925171
309.85791
319.577087
331.429199
335.441589
342.307434
341.355713
348.06424
343.062073
350.687225
350.394775
355.816193
361.939697
357.941895
353.505249
352.832458
360.09671
352.101105
344.456482
345.275604
340.448883
332.394745
330.990692
337.718689
329.996033
330.249603
337.63092
332.706818
325.822723
317.290802
321.366638
309.236603
308.86615
319.835754
305.443634
310.543243
310.874817
321.386139
305.199799
301.543304
289.744751
293.264862
284.567078
283.894318
294.415405
291.002594
298.539978
283.884613
282.363434
281.48584
286.16626
280.081818
284.001617
291.870483
301.397034
300.597443
298.374237
306.54541
298.569305
299.563843
302.147827
299.973328
291.938721
281.641907
268.5466
269.034058
275.752441
264.62677
267.844513
274.602173
274.201569
278.285248
287.820312
285.710144
277.005463
277.259491
273.820526
275.627899
280.346649
282.144257
288.181763
288.543182
282.378723
279.64325
279.066864
280.063293
285.143463
282.730316
291.425232
296.046234
300.296021
295.030212
293.349823
287.585785
299.739075
302.669952
308.189789
308.00415
307.085846
315.448486
316.923737
314.334778
313.318756
309.772461
318.418579
316.611084
322.775726
325.384216
324.622162
320.919495
321.691223
315.41925
307.115112
306.861084
307.750153
313.191803
300.354675
297.39447
294.082581
292.372986
292.499908
288.367401
286.296234
292.079803
293.594116
300.012695
303.578522
286.931305
289.20752
284.391174
282.652222
284.853333
282.582703
277.522766
274.107178
269.644196
268.528503
268.636139
273.979919
266.081696
261.569855
267.70636
276.123199
275.97644
273.803711
263.370575
260.737946
257.155853
257.06781
263.096588
255.188644
263.615387
265.700012
264.731079
263.380463
269.556152
272.521606
278.158997
272.012665
267.060425
275.232605
272.032227
269.252655
260.023529
254.943985
259.0448
261.892792
263.801331
257.713745
276.730042
281.829071
279.362762
283.228699
279.362762
278.746185
278.755951
275.888367
279.861908
282.670837
280.811218
276.690887
274.596436
287.114105
287.466553
286.32135
281.51593
275.682831
274.557281
277.806641
276.035156
279.499817
282.504395
280.409943
270.994843
268.411041
264.638916
264.432861
268.26886
261.705536
262.294159
258.585815
255.171738
261.391602
261.234589
259.468719
260.704865
256.623688
263.706818
265.413971
267.660522
272.291107
273.762665
275.646301
276.205505
272.614838
269.936584
277.323883
283.484863
282.906097
282.278198
287.78183
290.646545
284.770081
289.037689
295.218262
305.81366
300.378601
297.837708
304.008514
298.602905
295.963837
294.021423
298.730469
300.937836
303.243378
297.553192
295.453705
288.458801
288.674622
291.195953
286.320129
288.370544
287.997711
285.682434
288.046753
294.00177
294.335358
290.725098
292.176971
287.114777
283.082703
285.182068
291.735535
293.265961
300.996704
299.574188
300.637329
304.931122
300.784668
304.351379
305.471619
303.378662
301.767212
307.269623
310.17804
315.336517
314.570221
313.509003
310.413879
312.506805
312.329895
310.3255
307.584106
313.607208
313.017761
313.28302
313.302643
313.155273
310.767609
311.091827
310.44342
304.58728
306.434479
314.766693
316.938141
316.574554
313.813629
311.76001
310.659546
317.26239
318.048462
316.03421
319.473175
320.514709
319.365112
321.094452
321.458008
325.348969
331.391754
330.645081
331.755341
327.549896
325.86969
333.799011
342.32782
343.880219
341.924896
345.874847
348.468872
348.714508
348.655548
342.740448
346.995026
348.321503
354.207092
356.928802
359.522797
363.806793
361.517365
360.999817
356.080292
360.281616
356.710022
351.928131
357.979248
358.677826
357.959564
363.47934
364.335358
364.32547
361.550903
360.350464
360.468536
362.249512
366.824707
373.052826
372.974182
376.457245
379.536835
379.448334
370.701355
369.589447
370.17984
372.688812
371.449066
370.563568
377.313263
377.51001
376.634308
368.369415
367.779083
366.05722
369.156525
366.017822
361.993652
362.662689
360.350464
364.394409
360.527618
356.710022
352.813629
352.370941
358.048065
357.536469
363.174286
355.411224
358.166168
360.862152
368.743286
370.799683
371.911499
371.517975
371.990265
368.713745
366.076874
366.58844
370.907959
366.795105
368.192291
371.203094
364.847015
365.227295
364.448944
359.197021
352.614899
352.664185
354.339233
349.018372
349.836273
352.762756
353.018951
355.965088
349.717987
354.477264
353.432739
359.354706
361.187408
363.187653
365.779144
364.508026
359.926178
363.995697
362.803406
358.044159
354.694061
349.40271
350.457062
353.866272
345.2052
338.623077
340.248901
344.081848
345.727325
351.728149
358.11322
362.320526
363.798615
367.237396
367.473907
364.645935
372.844025
371.681305
379.682312
379.968079
380.293182
380.381958
385.013031
382.776306
384.342957
383.801086
383.466034
384.4711
384.096588
383.130981
384.224731
380.657806
381.613617
379.406372
384.707581
386.422058
389.722931
392.826782
397.82251
397.477661
399.399048
401.914703
403.968323
397.965424
402.595978
403.198242
405.666534
406.49234
406.294769
404.536438
397.690735
393.482574
391.45755
391.921814
400.022034
400.812317
403.528839
404.3685
404.575928
404.536438
402.254547
407.964142
416.054474
416.59787
418.326569
420.647919
421.161652
418.652527
422.939697
420.124359
411.895721
416.746002
423.789246
423.236053
422.386505
426.732941
427.523285
431.731415
430.042175
423.334869
427.948029
429.222351
425.330261
422.119812
420.430573
432.738983
431.464661
431.237427
432.274689
429.973053
433.657654
440.187256
438.616547
430.74353
433.450256
440.029175
433.677368
432.067261
438.260956
434.892456
433.796021
428.639526
432.7276
433.805756
438.949249
441.026459
441.530975
439.928558
438.504211
439.997711
439.186676
440.116455
436.318115
437.297424
430.610809
435.68515
435.813721
437.425995
433.607941
440.531891
433.509033
426.377319
426.416901
421.21402
418.810455
410.145599
414.270325
420.452454
421.87677
419.839142
426.317993
428.049011
419.977631
416.94101
422.262482
430.749359
435.467499
435.536743
435.279541
436.229126
437.257904
438.266785
441.085785
447.980133
447.070068
446.852448
449.968262
450.848572
450.759552
448.731873
452.97525
454.686432
451.481628
446.644745
445.813873
448.20755
449.434113
458.494568
458.336334
457.930786
459.780487
462.935852
468.999268
471.541321
473.984528
479.79068
479.939087
476.239777
474.963776
469.556427
474.926117
475.906891
477.135345
474.6586
477.442535
482.455475
486.477814
491.550171
492.719208
493.145203
498.287048
487.359467
490.222626
491.540283
491.728546
477.293854
475.035034
470.824554
477.838806
476.154602
459.074738
454.012207
458.668579
459.589935
453.279114
466.693298
455.389313
444.580688
431.325012
435.44632
430.73053
443.907013
446.22525
447.186249
458.282166
458.430786
470.012207
470.616516
476.798523
475.797943
478.01709
470.438232
475.540344
470.923676
472.330475
466.970734
466.287109
471.84494
457.519348
456.330444
456.756531
444.52121
450.23761
454.398651
464.266083
468.823303
470.923676
468.84314
469.09082
467.059906
478.86908
477.957642
479.224609
481.536133
481.982605
485.60379
482.905273
484.214813
477.468536
478.143219
477.786041
483.470795
478.292023
485.43515
489.25473
488.699127
489.463074
493.570312
486.97287
487.03241
487.36972
490.56427
491.506836
492.042542
484.502502
488.431244
491.407593
491.486969
496.209412
492.459198
480.028198
483.579926
482.171112
488.322174
501.586548
509.483582
510.078918
509.781342
508.858643
508.203857
504.671997
492.647705
496.070465
499.483307
499.195587
500.991302
501.794891
502.588562
505.287048
501.308746
505.713654
511.21991
512.787292
519.126892
517.688354
522.321472
518.253845
516.487854
525.734314
522.341248
526.339417
533.919128
531.56781
512.390503
510.108704
514.563232
519.576416
526.621826
526.264099
519.268433
512.362183
508.009796
507.016083
515.313416
521.235901
511.934875
512.024292
503.995239
502.375458
501.898529
513.445312
509.848145
518.453552
521.494385
528.162048
529.284912
526.293823
510.971008
518.523132
517.549316
519.75531
519.000122
514.846375
521.166382
523.531372
526.264099
519.626099
525.916199
524.664185
524.972168
532.524475
534.760193
535.972473
536.121582
533.845886
522.766174
516.595337
510.086639
511.318848
497.118805
504.969086
493.919037
492.428528
498.84787
485.124847
488.69223
469.752289
468.629395
473.915924
465.389923
476.638641
479.729034
471.550903
477.860901
476.24118
477.811188
488.296448
491.082947
482.046692
479.299957
466.681091
466.661194
470.422943
473.856323
448.489136
420.633942
421.649017
414.055786
463.755219
444.030701
452.21109
455.276276
455.783783
442.040314
441.960724
431.023651
442.338928
452.370331
465.098724
470.28363
470.134338
473.239319
473.179596
479.359711
486.47525
483.589203
479.090973
480.971893
485.937866
485.619385
505.403656
513.106384
516.181458
516.748718
518.997864
519.495483
517.763855
510.568573
511.524017
506.786896
518.709229
516.410278
517.425476
516.609375
520.689636
524.759888
526.2229
522.262024
527.36731
528.143555
531.636658
529.845276
531.089233
524.421631
531.716248
526.531372
526.441711
524.292236
529.683228
537.783142
539.157959
544.199219
546.062439
549.599243
544.966492
548.762268
554.162292
549.987854
550.296692
554.1922
553.395203
552.14978
554.152405
554.6604
555.228333
559.72168
559.183655
562.082886
559.173645
561.724243
562.9198
564.27478
566.038147
565.161438
565.918701
562.9198
551.830994
562.013062
558.197327
565.221252
567.134155
572.424438
570.730713
577.904114
578.193054
577.744751
575.204224
574.974976
567.174011
563.806458
561.196228
569.854004
568.210083
570.491638
571.368408
574.945129
568.289917
563.527466
567.961121
573.101929
573.928894
576.728455
578.362488
578.551758
581.91925
584.489624
589.49115
588.99292
587.817322
593.117676
597.13269
600.667725
596.677917
594.583252
592.019836
594.453552
597.206543
598.842407
601.715027
604.188721
601.645264
606.163696
602.971863
609.884277
609.146118
588.000061
600.47821
596.478394
600.687622
598.463318
602.393311
609.983887
609.824402
603.949341
609.026428
615.529785
626.491882
631.30957
634.152344
624.457031
627.46936
630.47168
617.674377
621.694153
610.113647
608.188538
621.644226
619.988464
619.499695
606.85199
607.310791
602.124023
594.792725
598.343689
584.17981
588.568604
603.620178
607.340698
612.707031
617.674377
615.599609
620.417358
621.933533
621.35498
623.888489
622.691589
623.459595
626.013062
623.988281
612.058716
608.986511
610.19342
598.882263
607.560181
615.479919
618.430237
621.326538
623.144287
623.104309
620.088135
618.649902
613.536377
612.3479
617.211731
622.634888
623.234192
619.688599
625.86084
626.380188
625.451355
618.769775
620.997009
620.477661
607.29425
615.503906
619.978271
621.935791
624.672363
630.335205
632.422546
628.637329
621.086853
625.351501
615.743591
604.987183
596.278198
608.882263
613.546387
610.699951
612.337891
599.883606
601.161987
600.542725
605.0271
602.710022
608.043335
600.652588
607.104492
615.903381
608.472778
606.525208
607.324219
600.822449
609.980896
608.143127
598.99469
606.994629
607.004639
606.924744
596.507874
592.97229
599.623901
602.550232
594.150879
592.273193
581.326965
588.0
583.97998
587.820007
573.789978
562.580017
558.280029
577.179993
584.309998
584.97998
588.5
588.590027
606.090027
610.190002
611.070007
617.390015
628.599976
637.400024
640.469971
648.849976
646.789978
644.330017
655.109985
651.419983
663.880005
664.22998
657.549988
661.570007
667.73999
674.150024
672.880005
681.609985
695.77002
694.940002
711.22998
713.289978
707.23999
714.710022
719.789978
708.929993
705.880005
701.530029
713.150024
714.51001
717.539978
730.280029
729.450012
735.599976
738.309998
738.3099975585938
738.3099975585938
738.3099975585938
738.3099975585938
738.3099975585938
738.3099975585938
738.3099975585938
738.3099975585938
738.3099975585938
738.3099975585938
738.3099975585938
738.3099975585938
738.3099975585938
738.3099975585938
738.3099975585938
738.3099975585938
738.3099975585938
738.3099975585938
738.3099975585938
738.3099975585938
738.3099975585938
738.3099975585938
738.3099975585938
738.3099975585938
738.3099975585938
738.3099975585938
738.3099975585938
738.3099975585938
738.3099975585938
738.3099975585938
738.3099975585938
738.3099975585938
738.3099975585938
738.3099975585938
738.3099975585938
738.3099975585938
738.3099975585938
738.3099975585938
738.3099975585938
738.3099975585938
738.3099975585938
738.3099975585938
738.3099975585938
738.3099975585938
738.3099975585938
738.3099975585938
738.3099975585938
738.3099975585938
738.3099975585938
738.3099975585938
738.3099975585938
738.3099975585938
738.3099975585938
738.3099975585938
738.3099975585938
738.3099975585938
738.3099975585938
738.3099975585938
738.3099975585938
738.3099975585938
738.3099975585938
738.3099975585938
738.3099975585938
738.3099975585938
738.3099975585938
738.3099975585938
738.3099975585938
738.3099975585938
738.3099975585938
738.3099975585938
738.3099975585938
738.3099975585938
738.3099975585938
738.3099975585938
738.3099975585938
738.3099975585938
738.3099975585938
738.3099975585938
738.3099975585938
738.3099975585938
738.3099975585938
738.3099975585938
738.3099975585938
738.3099975585938
738.3099975585938
738.3099975585938
738.3099975585938
738.3099975585938
738.3099975585938
738.3099975585938
738.3099975585938
738.3099975585938
738.3099975585938
738.3099975585938
738.3099975585938
738.3099975585938
738.3099975585938
738.3099975585938
738.3099975585938
738.3099975585938
738.3099975585938
738.3099975585938
738.3099975585938
738.3099975585938
738.3099975585938
738.3099975585938
738.3099975585938
738.3099975585938
738.3099975585938
738.3099975585938
738.3099975585938
738.3099975585938
738.3099975585938
738.3099975585938
738.3099975585938
738.3099975585938
738.3099975585938
738.3099975585938
738.3099975585938
738.3099975585938
738.3099975585938
738.3099975585938
738.3099975585938
738.3099975585938
738.3099975585938
738.3099975585938
738.3099975585938
738.3099975585938
738.3099975585938
738.3099975585938
738.3099975585938
738.3099975585938
738.3099975585938
738.3099975585938
738.3099975585938
738.3099975585938
738.3099975585938
738.3099975585938
738.3099975585938
738.3099975585938
738.3099975585938
738.3099975585938
738.3099975585938
738.3099975585938
738.3099975585938
738.3099975585938
738.3099975585938
738.3099975585938
738.3099975585938
738.3099975585938
738.3099975585938
738.3099975585938
738.3099975585938
738.3099975585938
738.3099975585938
738.3099975585938
738.3099975585938
738.3099975585938
738.3099975585938
738.3099975585938
738.3099975585938
738.3099975585938
738.3099975585938
738.3099975585938
738.3099975585938
738.3099975585938
738.3099975585938
738.3099975585938
738.3099975585938
738.3099975585938
738.3099975585938
738.3099975585938
738.3099975585938
738.3099975585938
738.3099975585938
738.3099975585938
738.3099975585938
738.3099975585938
738.3099975585938
738.3099975585938
738.3099975585938
738.3099975585938
738.3099975585938
738.3099975585938
738.3099975585938
738.3099975585938
738.3099975585938
738.3099975585938
738.3099975585938
738.3099975585938
738.3099975585938
738.3099975585938
738.3099975585938
738.3099975585938
738.3099975585938
738.3099975585938
738.3099975585938
738.3099975585938
738.3099975585938
738.3099975585938
738.3099975585938
738.3099975585938
738.3099975585938
738.3099975585938
738.3099975585938
738.3099975585938
738.3099975585938
738.3099975585938
738.3099975585938
738.3099975585938
738.3099975585938
738.3099975585938
738.3099975585938
738.3099975585938
738.3099975585938
738.3099975585938
738.3099975585938
738.3099975585938
738.3099975585938
738.3099975585938
738.3099975585938
738.3099975585938
738.3099975585938
738.3099975585938
738.3099975585938
738.3099975585938
738.3099975585938
738.3099975585938
738.3099975585938
738.3099975585938
738.3099975585938
738.3099975585938
738.3099975585938
738.3099975585938
738.3099975585938
738.3099975585938
738.3099975585938
738.3099975585938
738.3099975585938
738.3099975585938
738.3099975585938
738.3099975585938
738.3099975585938
738.3099975585938
738.3099975585938
738.3099975585938
738.3099975585938
738.3099975585938
738.3099975585938
738.3099975585938
738.3099975585938
738.3099975585938
738.3099975585938
738.3099975585938
738.3099975585938
738.3099975585938
738.3099975585938
738.3099975585938
738.3099975585938
738.3099975585938
738.3099975585938
738.3099975585938
738.3099975585938
738.3099975585938
738.3099975585938
738.3099975585938
738.3099975585938
738.3099975585938
738.3099975585938
738.3099975585938
738.3099975585938
738.3099975585938
738.3099975585938
738.3099975585938
738.3099975585938
738.3099975585938
738.3099975585938
738.3099975585938
738.3099975585938
738.3099975585938
738.3099975585938
738.3099975585938
738.3099975585938
738.3099975585938
738.3099975585938
738.3099975585938
738.3099975585938
742.739990234375
742.739990234375
742.739990234375
742.739990234375
742.739990234375
742.739990234375
742.739990234375
742.739990234375
742.739990234375
742.739990234375
742.739990234375
742.739990234375
742.739990234375
742.739990234375
742.739990234375
742.739990234375
742.739990234375
742.739990234375
742.739990234375
742.739990234375
742.739990234375
742.739990234375
742.739990234375
742.739990234375
742.739990234375
742.739990234375
742.739990234375
742.739990234375
742.739990234375
742.739990234375
742.739990234375
742.739990234375
742.739990234375
742.739990234375
742.739990234375
742.739990234375
742.739990234375
742.739990234375
742.739990234375
742.739990234375
742.739990234375
742.739990234375
742.739990234375
742.739990234375
742.739990234375
742.739990234375
742.739990234375
742.739990234375
742.739990234375
742.739990234375
742.739990234375
742.739990234375
742.739990234375
742.739990234375
742.739990234375
742.739990234375
742.739990234375
742.739990234375
742.739990234375
742.739990234375
742.739990234375
742.739990234375
742.739990234375
742.739990234375
742.739990234375
742.739990234375
742.739990234375
742.739990234375
742.739990234375
742.739990234375
742.739990234375
742.739990234375
742.739990234375
742.739990234375
742.739990234375
742.739990234375
742.739990234375
742.739990234375
742.739990234375
742.739990234375
742.739990234375
742.739990234375
742.739990234375
742.739990234375
742.739990234375
742.739990234375
742.739990234375
742.739990234375
742.739990234375
742.739990234375
742.739990234375
742.739990234375
742.739990234375
742.739990234375
742.739990234375
742.739990234375
742.739990234375
742.739990234375
742.739990234375
742.739990234375
742.739990234375
742.739990234375
742.739990234375
742.739990234375
742.739990234375
742.739990234375
742.739990234375
742.739990234375
742.739990234375
742.739990234375
742.739990234375
742.739990234375
742.739990234375
742.739990234375
742.739990234375
742.739990234375
742.739990234375
742.739990234375
742.739990234375
742.739990234375
742.739990234375
742.739990234375
742.739990234375
742.739990234375
742.739990234375
742.739990234375
742.739990234375
742.739990234375
742.739990234375
742.739990234375
742.739990234375
742.739990234375
742.739990234375
742.739990234375
742.739990234375
742.739990234375
742.739990234375
742.739990234375
742.739990234375
742.739990234375
746.1599731445312
746.1599731445312
746.1599731445312
