0.004421
0.003471
0.004478
0.004374
0.004198
0.004256
0.003968
0.003747
0.003769
0.003364
0.003352
0.003141
0.00377
0.004608
0.005273
0.008667
0.007753
0.009512
0.010909
0.014353
0.012293
0.020231
0.029343
0.029454
0.022186
0.027273
0.025363
0.025002
0.024399
0.022173
0.023642
0.022108
0.019793
0.022288
0.021059
0.020114
0.019113
0.021228
0.022862
0.023727
0.024509
0.025906
0.025499
0.026975
0.023764
0.023217
0.023107
0.020646
0.021899
0.022716
0.021751
0.022449
0.023088
0.022446
0.021226
0.021843
0.020988
0.020663
0.019054
0.017804
0.019182
0.019167
0.0238
0.021971
0.022157
0.019999
0.019224
0.018063
0.018169
0.017607
0.017666
0.016731
0.016236
0.016145
0.014458
0.015818
0.016606
0.014314
0.013841
0.012038
0.013208
0.013706
0.013425
0.013972
0.01343
0.01275
0.0115
0.01204
0.012224
0.012782
0.011952
0.01177
0.01142
0.011529
0.011374
0.010698
0.011059
0.010687
0.01027
0.011793
0.015359
0.016646
0.014384
0.012197
0.014935
0.016393
0.016918
0.016506
0.014685
0.014612
0.013379
0.014149
0.01392
0.015466
0.015729
0.015378
0.016794
0.015466
0.014857
0.013753
0.013932
0.014233
0.012946
0.011709
0.012297
0.011846
0.01223
0.013715
0.014363
0.014151
0.014845
0.013653
0.013903
0.013927
0.014159
0.013537
0.013115
0.012978
0.012964
0.013105
0.012913
0.012904
0.013507
0.014356
0.0137
0.013663
0.013394
0.012559
0.012252
0.011077
0.011041
0.010662
0.010952
0.011246
0.010939
0.010847
0.010731
0.010853
0.010669
0.010716
0.010591
0.010389
0.010999
0.012439
0.014323
0.016195
0.015997
0.015631
0.015021
0.015256
0.014415
0.013942
0.014297
0.013367
0.013881
0.013873
0.014947
0.014571
0.013278
0.013594
0.014381
0.013547
0.014099
0.014128
0.014084
0.013472
0.013627
0.013783
0.013611
0.013573
0.014397
0.014742
0.0145
0.015169
0.014421
0.014896
0.015758
0.015395
0.014879
0.014978
0.014532
0.01385
0.014462
0.014426
0.014172
0.014963
0.014405
0.014248
0.014069
0.016904
0.015321
0.020178
0.021994
0.024582
0.022785
0.024637
0.028895
0.026428
0.026396
0.029323
0.032146
0.033323
0.041504
0.039122
0.041676
0.035589
0.017398
0.017888
0.01581
0.01603
0.013702
0.014292
0.013313
0.012068
0.01272
0.013232
0.015655
0.018189
0.016194
0.015152
0.016254
0.015787
0.015696
0.015298
0.014956
0.0148
0.014396
0.013807
0.014962
0.014651
0.015194
0.014961
0.014914
0.015587
0.0151
0.015006
0.014699
0.014853
0.014816
0.015009
0.015531
0.015731
0.016368
0.016077
0.018818
0.017519
0.016397
0.016899
0.017161
0.017087
0.015941
0.016254
0.016066
0.016457
0.01691
0.017256
0.01711
0.018645
0.017928
0.018331
0.019115
0.022086
0.021129
0.021433
0.024459
0.022962
0.021155
0.02192
0.021608
0.022798
0.022898
0.022252
0.023249
0.020832
0.02016
0.020056
0.021526
0.020713
0.020696
0.020763
0.020796
0.022299
0.02073
0.019128
0.018382
0.019605
0.020027
0.020341
0.019451
0.021232
0.023476
0.02508
0.026429
0.024844
0.026827
0.021493
0.020443
0.020618
0.018957
0.009283
0.010745
0.009872
0.009926
0.008096
0.009089
0.008864
0.011258
0.010832
0.011187
0.010057
0.011116
0.011283
0.011445
0.011849
0.010989
0.010646
0.010094
0.010778
0.011043
0.011282
0.011552
0.011578
0.011782
0.011454
0.013362
0.012906
0.01375
0.013547
0.012033
0.012188
0.012349
0.012006
0.012161
0.01163
0.012641
0.012827
0.013366
0.013011
0.012117
0.01207
0.012798
0.014176
0.014788
0.015135
0.015618
0.015461
0.015779
0.016556
0.015502
0.016022
0.016958
0.017133
0.017049
0.016996
0.017288
0.017397
0.017933
0.017304
0.015349
0.015081
0.016937
0.01924
0.019933
0.019275
0.019978
0.020275
0.020639
0.02216
0.02085
0.019301
0.020448
0.02019
0.0195
0.021273
0.025818
0.024371
0.025153
0.025933
0.024047
0.020525
0.021812
0.020781
0.021673
0.021734
0.020698
0.02063
0.020358
0.020299
0.020239
0.021308
0.019723
0.020482
0.020657
0.020646
0.020447
0.020604
0.020735
0.02047
0.020107
0.022612
0.021406
0.022069
0.022689
0.022339
0.021591
0.020808
0.019436
0.020094
0.019687
0.01899
0.018731
0.019105
0.01923
0.019497
0.019067
0.01993
0.0201
0.021634
0.020698
0.021131
0.0213
0.021159
0.022424
0.022288
0.022275
0.020925
0.021155
0.021436
0.02123
0.02155
0.021264
0.021239
0.021067
0.020633
0.020825
0.020696
0.019829
0.020481
0.020381
0.020429
0.020258
0.02099
0.020001
0.020459
0.020646
0.02138
0.02177
0.021398
0.022847
0.022779
0.024364
0.023074
0.025544
0.027391
0.028144
0.030119
0.030161
0.028792
0.026971
0.024896
0.026709
0.024932
0.026151
0.025308
0.027981
0.025861
0.026905
0.025737
0.026855
0.027683
0.027178
0.026573
0.025613
0.02351
0.019393
0.019457
0.018017
0.018787
0.018834
0.018251
0.020152
0.020475
0.021206
0.020981
0.019815
0.020139
0.020505
0.019857
0.020431
0.02103
0.020913
0.02196
0.018947
0.019647
0.017709
0.018987
0.019146
0.018928
0.018736
0.018886
0.019675
0.020153
0.01898
0.018272
0.01855
0.018602
0.018841
0.017165
0.016958
0.016632
0.017094
0.017207
0.017855
0.017905
0.017698
0.017235
0.01719
0.016253
0.016742
0.016887
0.016205
0.015632
0.016383
0.017404
0.01704
0.017683
0.017165
0.016562
0.0158
0.015086
0.013877
0.01391
0.013721
0.014107
0.013688
0.012717
0.012251
0.013477
0.015509
0.014393
0.015735
0.015634
0.017314
0.016603
0.01586
0.016917
0.016751
0.016461
0.01661
0.017694
0.017093
0.017272
0.01787
0.019758
0.019036
0.021163
0.021664
0.021295
0.01778
0.017705
0.01875
0.018856
0.019563
0.018722
0.019334
0.020806
0.018871
0.019734
0.019572
0.019199
0.017605
0.018093
0.017771
0.017498
0.017869
0.018099
0.018384
0.019489
0.019434
0.018958
0.020599
0.019982
0.01922
0.018155
0.018646
0.015204
0.016463
0.016621
0.019294
0.018301
0.018873
0.018449
0.018135
0.017633
0.017812
0.019043
0.019975
0.024614
0.024467
0.035135
0.032999
0.031739
0.033513
0.030411
0.026124
0.02609
0.03007
0.032831
0.034014
0.032768
0.03402
0.036053
0.032514
0.034533
0.028604
0.031298
0.033975
0.033177
0.032978
0.04336
0.042072
0.038892
0.040277
0.039925
0.038279
0.040877
0.041083
0.043836
0.047347
0.054767
0.052406
0.067642
0.071268
0.098868
0.117016
0.123611
0.121233
0.11165
0.100922
0.107605
0.1089
0.11222
0.122744
0.15484
0.146081
0.16225
0.152005
0.137005
0.160243
0.176179
0.190602
0.197533
0.228847
0.251572
0.231893
0.223935
0.200395
0.215171
0.212986
0.212243
0.216622
0.298981
0.287524
0.410605
0.414408
0.425134
0.382881
0.392959
0.373222
0.403259
0.390734
0.411783
0.383615
0.381072
0.348746
0.331694
0.324979
0.301851
0.336804
0.333444
0.34601
0.383946
0.37128
0.359934
0.364222
0.384002
0.354031
0.362637
0.370033
0.374566
0.337208
0.356306
0.367603
0.358471
0.370532
0.358044
0.422074
0.41468
0.442733
0.436447
0.406253
0.362901
0.3272
0.341524
0.359229
0.349445
0.381808
0.353428
0.382884
0.535193
0.832754
0.773113
0.890872
0.820568
0.786821
0.824512
0.796139
0.704383
0.811085
0.761785
0.753129
0.848258
0.969865
0.875069
1.06922
1.019014
1.053154
1.470762
1.608185
1.714745
1.727973
2.454367
1.65939
1.841451
1.482336
1.193292
1.086715
1.717577
1.94005
2.210167
2.026745
1.823294
1.698194
1.864938
1.881024
1.821164
1.795897
1.823846
1.631484
1.527334
1.583428
1.480122
1.485099
1.492427
1.362205
1.251965
1.341269
1.469217
1.477863
1.69146
1.477197
1.503794
1.377261
1.363695
1.398996
1.099052
1.074384
1.158587
1.203148
1.046163
1.075453
1.112033
1.119224
1.167279
1.167428
1.077357
1.103611
1.118638
1.147865
1.10161
1.131786
1.128411
1.04334
1.051329
1.029878
1.042152
0.996988
0.945664
0.928696
0.876782
0.812614
0.801461
0.795457
0.730728
0.690101
0.888009
0.880551
0.94923
0.949325
0.939943
1.017886
1.03982
1.015443
1.025704
1.069407
1.082649
1.052474
1.048186
1.018795
1.052682
1.064945
1.080822
1.166139
1.080907
1.127634
1.157589
1.373568
1.321019
1.513186
1.441759
1.46644
1.427513
1.351759
1.338547
1.469268
1.552743
1.584974
1.626175
1.624296
1.474747
1.525951
1.377739
1.515493
1.457912
1.420782
1.313903
1.338104
1.471418
1.446721
1.459217
1.73391
1.679481
1.643828
1.354202
1.333335
1.367189
1.30448
1.31547
1.329738
1.24761
1.31679
1.416373
1.38358
1.422436
1.366242
1.314546
1.126376
1.046901
1.231154
1.225594
1.128907
1.122275
1.123015
1.086693
1.050355
1.099416
1.127109
1.266195
1.296617
1.325379
1.27191
1.314544
1.257643
1.276508
1.344028
1.35114
1.248175
1.243724
1.223871
1.241118
1.263054
1.583205
1.506134
1.456535
1.479116
1.471905
1.531869
1.504455
1.514093
1.641918
1.573738
1.674449
1.736025
1.759942
2.12851
2.020572
1.868109
1.935003
1.903897
1.937505
2.034598
1.917041
1.901464
1.884886
1.884112
1.894047
1.776468
1.705656
1.759541
1.7157
1.754877
1.729668
1.691724
1.562982
1.634736
1.498249
1.617965
1.664691
1.602403
1.558412
1.753211
1.680279
1.787088
1.631861
1.61404
1.65184
1.817825
1.785351
2.008298
2.127288
2.26803
1.980306
2.045602
2.279711
2.366476
2.41873
2.090278
2.097674
2.132516
2.086989
1.820277
1.802769
2.12206
2.072689
2.128068
2.231474
2.222236
2.127742
2.375985
2.501101
2.679163
2.467273
2.636828
2.876757
2.725954
2.498206
2.470006
2.557751
2.527107
2.574791
2.54919
2.432652
2.367248
2.195475
2.25078
2.053826
1.99586
2.115518
2.071802
2.356945
2.392591
2.263317
2.337727
2.353693
2.329822
2.22197
2.128439
2.035978
1.960373
1.69899
1.530623
1.616248
1.507573
1.558538
1.591055
1.591683
1.679217
1.694964
1.60533
1.643921
1.647593
1.541885
1.550246
1.69083
1.71436
1.739951
2.019142
1.948614
2.042768
1.895883
1.714621
1.699511
1.670021
1.658878
1.862855
1.838526
1.65687
1.595514
1.631835
1.515849
1.408787
1.464476
1.442374
1.439593
1.55065
1.515294
1.453002
1.611191
1.621352
1.635245
1.584413
1.474946
1.508266
1.436698
1.416363
1.445284
1.506817
1.439197
1.406504
1.399485
1.362876
1.377899
1.380196
1.468359
1.449111
1.499555
1.528071
1.463919
1.466493
1.505448
1.556303
1.628765
1.579573
1.610803
1.693481
1.660387
1.674787
1.684619
1.617286
1.693914
1.654025
1.68881
1.649918
1.592921
1.458747
1.514054
1.435702
1.464322
1.433465
1.333174
1.392868
1.420106
1.372641
1.396421
1.390932
1.340074
1.421155
1.428176
1.417744
1.379862
1.399139
1.365971
1.344245
1.352666
1.242833
1.257685
1.238904
1.140579
1.03575
1.101164
1.077591
1.075959
1.171032
1.064691
1.044133
1.021204
0.974345
0.821915
0.890409
0.666291
0.601539
0.667542
0.686139
0.737566
0.677282
0.726942
0.627577
0.658817
0.63651
0.649339
0.678312
0.641939
0.661554
0.645927
0.601061
0.573576
0.587884
0.598549
0.657168
0.662087
0.601778
0.619415
0.589917
0.595657
0.59795
0.632501
0.61666
0.607429
0.633665
0.594996
0.538566
0.501902
0.427883
0.41576
0.437749
0.381927
0.399841
0.346659
0.383109
0.400759
0.418878
0.456558
0.561469
0.612201
0.600476
0.560724
0.532732
0.511107
0.495232
0.477371
0.461237
0.493042
0.460639
0.491593
0.511718
0.525265
0.562544
0.606265
0.589584
0.571268
0.563525
0.539862
0.635947
0.707589
0.70467
0.72683
0.753013
0.96178
0.925791
0.832758
0.907406
0.853441
0.875423
0.881263
0.775726
0.780243
0.895696
0.936113
0.938742
0.929613
0.928265
0.894406
0.879157
0.887698
0.89188
0.927659
0.907336
0.90669
0.92155
0.890508
0.937328
0.921404
0.933908
1.024847
1.000909
0.952035
0.935796
0.883179
0.859652
0.772135
0.786888
0.820216
0.810341
0.831794
0.813591
0.818728
0.763723
0.805348
0.784251
0.817403
0.814536
0.831821
0.885431
0.871968
0.889275
0.89423
0.881431
0.818877
0.840846
0.844213
0.891508
0.906197
0.894613
0.930012
0.854414
0.864789
0.824299
0.806046
0.829484
0.753422
0.766038
0.733279
0.704224
0.752831
0.77871
0.754161
0.740189
0.754754
0.740406
0.747373
0.763514
0.777446
0.765881
0.764251
0.801805
0.83613
0.851362
0.833052
0.8319
0.813639
0.825377
0.815284
0.790544
0.784314
0.775821
0.792723
0.790101
0.799563
0.847259
0.86451
0.846086
0.810116
0.832093
0.832385
0.899837
0.893877
0.919739
0.938138
0.904834
0.944848
0.933811
0.908851
0.903988
0.875333
0.871718
0.952122
1.169746
1.183722
1.137968
1.252449
1.044419
0.813204
1.12496
1.061987
0.938973
0.88806
0.915709
0.940134
0.900538
0.874883
0.880288
0.876095
0.807574
0.796284
0.850011
0.861176
0.8493
0.844214
0.846645
0.844904
0.822698
0.838892
0.936996
0.908376
0.946198
0.903188
0.922119
0.911139
0.917389
0.896219
0.927781
0.909515
0.908252
0.893233
0.910573
0.923434
0.903347
0.877981
0.795795
0.816142
0.813864
0.772779
0.802671
0.792996
0.795728
0.798734
0.795994
0.795133
0.813517
0.806025
0.782831
0.777419
0.760533
0.758517
0.759973
0.780852
0.780077
0.806372
0.788527
0.799216
0.806735
0.840371
0.844234
0.858464
0.893428
0.916289
0.931102
0.999671
0.983518
1.019492
0.996012
0.940121
0.95289
1.02625
0.989977
0.994092
0.995189
0.955928
0.993623
1.122306
1.158274
1.144232
1.17788
1.087235
1.111333
1.194967
1.180444
1.244227
1.250628
1.204501
1.190415
1.268975
1.30397
1.228342
1.230595
1.251412
1.238516
1.186845
1.258773
1.330032
1.371723
1.525588
1.48684
1.478552
1.474328
1.384936
1.397024
1.354701
1.265957
1.24885
1.281183
1.235484
1.195239
1.248236
1.224773
1.167757
1.126445
1.13745
1.131752
1.14959
1.051788
1.015364
1.058904
1.064282
1.156988
1.1934
1.20076
1.114244
1.150747
1.2245
1.171612
1.168957
1.104097
1.156507
1.109952
1.137024
1.097398
1.079204
1.105598
1.046971
1.087666
1.122851
1.092412
1.119162
1.105478
1.096506
1.09702
1.139089
1.140515
1.113638
1.107578
1.102482
1.101922
1.121316
1.113888
1.11062
1.134679
1.16204
1.172894
1.183862
1.152954
1.171897
1.085553
1.04715
1.012676
1.025344
1.003676
0.98992
1.005854
0.986134
1.012528
0.998852
1.003102
0.984081
0.960137
0.976994
1.006556
0.982542
0.998933
0.977791
0.965625
0.900643
0.877145
0.877359
0.842501
0.865085
0.849407
0.859773
0.860252
0.846011
0.88768
0.872701
0.870935
0.877145
0.856783
0.871972
0.88988
0.874022
0.890013
0.911625
0.920972
0.941888
0.9094
0.901472
0.89332
0.888563
0.900178
0.899514
0.893356
0.836227
0.823734
0.765244
0.781396
0.727711
0.611958
0.635073
0.643023
0.644309
0.619202
0.590463
0.589858
0.613667
0.596807
0.614042
0.631166
0.669695
0.656791
0.67509
0.655299
0.667584
0.645411
0.663942
0.61449
0.623901
0.661015
0.676693
0.681501
0.713703
0.696092
0.670992
0.663141
0.67651
0.680288
0.688225
0.736487
0.742122
0.724211
0.849688
0.809558
0.799419
0.767575
0.778919
0.738362
0.744938
0.76761
0.770558
0.746209
0.757544
0.728077
0.708464
0.72239
0.716544
0.710122
0.718905
0.697564
0.687929
0.701311
0.680915
0.6681
0.664024
0.666488
0.66668
0.665142
0.68561
0.690014
0.684975
0.680704
0.681717
0.677327
0.679349
0.63863
0.623242
0.574079
0.577815
0.576761
0.580223
0.557975
0.548303
0.556897
0.547114
0.546194
0.548112
0.555963
0.562025
0.593374
0.575082
0.549404
0.54055
0.54082
0.542173
0.553666
0.558237
0.55866
0.55498
0.543466
0.54022
0.523467
0.503443
0.506705
0.513917
0.522138
0.529904
0.528721
0.517472
0.526497
0.544656
0.541488
0.520152
0.520995
0.520751
0.513589
0.519365
0.51006
0.503436
0.51959
0.525759
0.533281
0.568532
0.547513
0.566308
0.563369
0.546018
0.564189
0.563805
0.561185
0.529774
0.517559
0.514154
0.507664
0.514907
0.517564
0.515421
0.534121
0.519471
0.511315
0.517629
0.536055
0.572716
0.609129
0.635624
0.624535
0.630307
0.632205
0.609734
0.620639
0.63823
0.649928
0.635981
0.668103
0.661087
0.671943
0.677873
0.693333
0.735407
0.742086
0.789478
0.85651
0.844351
0.802886
0.897512
0.883977
0.915584
0.922013
0.84649
0.830732
0.83196
0.853146
0.811518
0.732545
0.773533
0.772937
0.759969
0.77929
0.763016
0.743096
0.748262
0.757697
0.762516
0.799496
0.816216
0.814186
0.809701
0.813466
0.818853
0.842353
0.906424
0.884914
0.921955
0.84185
0.886096
0.887635
0.884087
0.83953
0.849911
0.818922
0.800293
0.765359
0.775103
0.817214
0.876597
0.859219
0.851023
0.911958
1.015417
1.039624
1.003413
0.973365
0.953087
0.970608
1.015652
0.969718
0.855421
0.883437
0.852019
0.82824
0.800741
0.842633
0.806058
0.897886
0.92734
0.864212
0.881911
0.837929
0.844948
0.845174
0.809501
0.784705
0.760993
0.785119
0.782324
0.745687
0.724141
0.738336
0.73226
0.75902
0.788031
0.789282
0.813173
0.799885
0.786437
0.811077
0.79834
0.784462
0.773914
0.77932
0.80578
0.833532
0.834391
0.853058
0.848925
0.834954
0.881026
0.853679
0.890873
0.889928
0.952738
0.928708
0.998964
0.996435
1.026147
0.950824
0.991367
0.987963
0.99494
0.998259
1.059309
1.028595
1.010716
1.001233
1.025071
1.094471
1.089241
1.147263
1.034084
1.117156
1.161351
1.127876
1.158638
1.230849
1.24377
1.181701
1.271405
1.221894
1.140663
1.043401
1.088781
1.030447
0.932059
1.009103
0.994772
0.970155
0.980558
1.011103
1.045418
1.045871
1.008847
1.002054
0.991447
0.980519
1.003392
0.951269
0.899875
0.895568
0.905446
0.884897
0.89761
0.911579
0.946153
0.897523
0.88726
0.878345
0.766657
0.655106
0.712189
0.70775
0.703158
0.668051
0.676414
0.673687
0.738159
0.713396
0.74301
0.728443
0.704724
0.720512
0.702685
0.73218
0.72141
0.704819
0.667053
0.691704
0.720395
0.732851
0.729292
0.734178
0.710597
0.693555
0.68154
0.694573
0.671815
0.675561
0.670993
0.663113
0.649095
0.686701
0.694341
0.713777
0.709525
0.683313
0.750441
0.729188
0.722947
0.742193
0.723266
0.729689
0.716071
0.743618
0.731655
0.71398
0.696435
0.694621
0.698361
0.689934
0.70444
0.715155
0.724673
0.725595
0.667089
0.649882
0.655077
0.6498
0.617539
0.644126
0.604566
0.591239
0.617112
0.619047
0.58425
0.55719
0.576199
0.573411
0.568451
0.571017
0.561298
0.561067
0.567493
0.551229
0.566258
0.551895
0.54698
0.559997
0.557769
0.570637
0.530613
0.494883
0.467753
0.506688
0.477474
0.501662
0.500918
0.512994
0.498164
0.507168
0.531414
0.530799
0.549474
0.543306
0.540125
0.516545
0.533453
0.541832
0.548044
0.530387
0.532831
0.517254
0.497106
0.514781
0.517752
0.508524
0.510855
0.505381
0.495903
0.491843
0.467864
0.454763
0.420976
0.385085
0.407888
0.391611
0.431937
0.422056
0.426028
0.403271
0.426272
0.422273
0.423937
0.401596
0.404095
0.410177
0.411559
0.430063
0.46205
0.52539
0.531948
0.53822
0.572145
0.524192
0.50293
0.466031
0.436951
0.425075
0.421047
0.420034
0.402317
0.410927
0.397879
0.38087
0.368578
0.36593
0.369368
0.375704
0.382557
0.380046
0.376397
0.37849
0.382343
0.378415
0.383329
0.376835
0.380704
0.38587
0.398454
0.400326
0.408873
0.400263
0.405923
0.408835
0.409889
0.424973
0.433774
0.423559
0.421419
0.395917
0.376412
0.375103
0.376423
0.383738
0.379287
0.38246
0.375599
0.376919
0.370334
0.370862
0.374322
0.373185
0.368741
0.376755
0.372158
0.373242
0.364673
0.368553
0.371593
0.384225
0.371882
0.365919
0.35449
0.356119
0.321533
0.328823
0.330413
0.325445
0.334552
0.332668
0.320657
0.318071
0.313558
0.300819
0.29158
0.303879
0.3339
0.34425
0.392618
0.385716
0.406954
0.425182
0.400905
0.375585
0.358144
0.371104
0.42564
0.398674
0.454328
0.432971
0.431177
0.452475
0.492743
0.568149
0.57273
0.54646
0.528164
0.580471
0.563308
0.58378
0.598571
0.602881
0.650944
0.704645
0.708701
0.68757
0.71485
0.701052
0.704114
0.584279
0.580961
0.629531
0.623355
0.619229
0.601159
0.615106
0.592542
0.564821
0.516692
0.476822
0.498188
0.471335
0.472876
0.500331
0.527823
0.514219
0.475557
0.477876
0.487736
0.465149
0.460188
0.450546
0.473435
0.482731
0.518211
0.523265
0.516061
0.52344
0.470071
0.462149
0.44921
0.457898
0.459861
0.449578
0.439163
0.455653
0.486329
0.472903
0.507612
0.482608
0.443847
0.442695
0.452019
0.441623
0.442322
0.431886
0.43551
0.434328
0.414725
0.389807
0.395487
0.412675
0.407197
0.375396
0.332271
0.342508
0.313412
0.311168
0.296988
0.298018
0.30865
0.303632
0.312141
0.307735
0.328698
0.316826
0.32312
0.318147
0.325163
0.319517
0.301954
0.301112
0.307575
0.293597
0.298402
0.29579
0.266314
0.272477
0.272875
0.276993
0.272012
0.282461
0.303382
0.255255
0.248828
0.25629
0.250563
0.241223
0.245764
0.220586
0.207212
0.215682
0.216597
0.211009
0.215031
0.218911
0.209632
0.214674
0.211679
0.220123
0.21137
0.206306
0.209941
0.212728
0.216415
0.09045
0.09045
0.0904
0.0904
0.0904
0.0904
0.0904
0.0904
0.09035
0.09035
0.09035
0.09035
0.09035
0.09035
0.09035
0.09025
0.09025
0.09025
0.09025
0.09025
0.09025
0.09025
0.09025
0.0903
0.09035
0.09035
0.09035
0.0902
0.09015
0.09015
0.09015
0.09015
0.0901
0.09005
0.09005
0.09005
0.09015
0.09015
0.09015
0.09015
0.09015
0.09005
0.09005
0.09
0.09005
0.09015
0.09015
0.09015
0.09015
0.0901
0.0901
0.09005
0.09005
0.0899
0.08995
0.08995
0.09005
0.0901
0.09015
0.09015
0.09015
0.09015
0.09015
0.09015
0.09015
0.09005
0.09005
0.09005
0.09005
0.09005
0.09005
0.09005
0.09005
0.0901
0.0901
0.0901
0.09015
0.09015
0.09015
0.09015
0.09015
0.09005
0.09005
0.09005
0.0901
0.09
0.09
0.09
0.09
0.09
0.0901
0.0901
0.0901
0.0902
0.0902
0.0902
0.09015
0.09015
0.0902
0.09025
0.09025
0.09035
0.09035
0.0904
0.09045
0.09045
0.0905
0.0905
0.0905
0.0906
0.0906
0.0906
0.09055
0.09055
0.09055
0.09055
0.09055
0.09055
0.09065
0.09065
0.09065
0.09065
0.09065
0.09065
0.09065
0.09065
0.09065
0.09065
0.09065
0.09065
0.09065
0.09075
0.09075
0.0907
0.0907
0.09065
0.09065
0.09065
0.0906
0.0906
0.0906
0.0906
0.0906
0.09065
0.09065
0.09065
0.09065
0.0906
0.09055
0.09055
0.09065
0.09065
0.09065
0.09065
0.09065
0.09065
0.09065
0.0907
0.0907
0.0907
0.09075
0.09095
0.09095
0.09095
0.09095
0.09095
0.09085
0.09085
0.091
0.09105
0.09105
0.0911
0.09105
0.09105
0.09105
0.09105
0.09105
0.09095
0.09095
0.09095
0.09095
0.09095
0.09095
0.09095
0.09095
0.091
0.09105
0.09105
0.09105
0.09105
0.09105
0.09105
0.09105
0.09105
0.09105
0.09105
0.091
0.091
0.091
0.091
0.091
0.09105
0.09105
0.09105
0.09105
0.09105
0.09105
0.09105
0.09105
0.09105
0.09105
0.09115
0.09115
0.09125
0.09125
0.09125
0.09125
0.09125
0.0912
0.0912
0.0912
0.0912
0.0912
0.0912
0.0912
0.09125
0.0912
0.09125
0.09125
0.09115
0.09115
0.0912
0.0912
0.0912
0.09135
0.09135
0.09135
0.09135
0.09135
0.09145
0.09195
0.092
0.09195
0.09195
0.0919
0.0919
0.0919
0.0919
0.09185
0.09185
0.09175
0.09175
0.09175
0.09175
0.0919
0.0919
0.09175
0.09175
0.09175
0.09175
0.09175
0.0916
0.09155
0.0913
0.09135
0.0914
0.0914
0.09135
0.09135
0.09145
0.09155
0.09155
0.0917
0.09165
0.09165
0.09165
0.09165
0.09165
0.09165
0.09165
0.09175
0.09175
0.09175
0.09175
0.0918
0.0918
0.0934
0.09415
0.09415
0.0942
0.09415
0.09415
0.09415
0.09415
0.09415
0.09415
0.09385
0.09385
0.0939
0.0939
0.0939
0.094
0.09405
0.0941
0.09415
0.09415
0.09415
0.09415
0.09415
0.09415
0.09415
0.09405
0.09405
0.09405
0.0941
0.09405
0.094
0.094
0.09395
0.09395
0.09395
0.09395
0.09395
0.094
0.094
0.094
0.09405
0.09415
0.09415
0.0939
0.0939
0.0937
0.0937
0.0937
0.0937
0.09365
0.0936
0.0934
0.09335
0.09335
0.09335
0.0935
0.09355
0.0936
0.0936
0.09335
0.0933
0.09315
0.09325
0.09335
0.0934
0.09375
0.0938
0.0942
0.09445
0.0943
0.0945
0.09425
0.09405
0.09385
0.09345
0.0933
0.0932
0.09305
0.09305
0.0931
0.0931
0.093
0.093
0.093
0.093
0.093
0.093
0.093
0.093
0.093
0.09305
0.09305
0.09305
0.09315
0.09315
0.09295
0.0928
0.0928
0.0928
0.0928
0.0928
0.0928
0.09275
0.09275
0.09275
0.09275
0.0929
0.09275
0.09275
0.09275
0.09275
0.09275
0.09275
0.09275
0.09275
0.09275
0.09285
0.09285
0.09285
0.09285
0.09275
0.0928
0.0928
0.09275
0.0928
0.0928
0.0928
0.09265
0.0924
0.0925
0.0925
0.09255
0.09255
0.09265
0.09265
0.09265
0.09265
0.0924
0.0924
0.09245
0.0908
0.0908
0.09075
