457.334015
424.440002
394.79599
408.903992
398.821014
402.152008
435.790985
423.204987
411.574005
404.424988
399.519989
377.181
375.46701
386.944
383.61499
375.071991
359.511993
328.865997
320.51001
330.07901
336.187012
352.940002
365.026001
361.562012
362.299011
378.549011
390.414001
400.869995
394.77301
382.556
383.757996
391.441986
389.54599
382.845001
386.475006
383.15799
358.416992
358.345001
347.270996
354.70401
352.989014
357.618011
335.591003
345.304993
338.321014
325.748993
325.891998
327.553986
330.492004
339.485992
349.290009
342.415009
345.488007
363.264008
366.924011
367.695007
423.561005
420.734985
397.817993
376.132996
387.881989
387.40799
375.197998
380.554993
357.839996
350.847992
352.920013
367.572998
376.901001
375.347992
368.369995
369.670013
376.446991
375.490997
378.046997
379.244995
381.315002
375.01001
369.604004
376.854004
374.785004
375.095001
361.908997
352.218994
346.36499
350.506012
352.541992
347.376007
351.631989
345.345001
327.062012
319.776001
311.395996
317.842987
329.955994
320.842987
331.885986
334.571991
322.533997
319.007996
327.924011
315.863007
317.239014
312.670013
310.737
320.192993
314.248993
315.032013
281.082001
264.195007
274.473999
286.188995
294.337006
283.348999
290.40799
274.79599
265.660004
267.79599
225.860992
178.102997
209.843994
208.097
199.259995
210.339005
214.860992
211.315002
226.897003
233.406006
232.878998
247.847
253.718002
273.472992
263.475006
233.914993
233.513
226.425003
217.464005
226.972
238.229004
227.268005
226.852997
217.110992
222.266006
227.753998
223.412003
220.110001
219.839005
219.184998
221.764008
235.427002
257.321014
234.824997
233.843002
243.610001
236.326004
240.283005
243.779007
244.533997
235.977005
238.891998
238.735001
237.470001
236.425995
253.828003
254.263
260.201996
275.670013
281.701996
273.09201
276.178009
272.722992
276.260986
274.354004
289.606995
291.76001
296.378998
294.354004
285.337006
281.88501
286.393005
290.592987
285.505005
256.299011
260.928009
261.748993
260.024994
267.959991
266.73999
245.595001
246.197006
248.531998
247.029007
252.798004
242.712997
247.526001
244.223999
247.272003
253.005005
254.322006
253.697006
260.597992
255.492004
253.179993
245.022003
243.675995
236.072006
236.552002
236.153
224.587006
219.158997
223.832993
228.572998
222.882004
223.356003
222.600006
224.626007
235.268997
234.175995
236.462006
231.268005
226.389999
219.429993
229.285995
225.854996
225.807999
236.145004
232.078995
234.929993
240.358002
239.018005
236.121002
229.781998
237.334
243.863007
241.832001
240.296005
242.158005
241.112
236.376999
236.929001
237.604996
236.153
236.802002
233.128006
231.947006
234.018005
235.343994
240.348007
238.871994
240.953003
237.110001
237.115997
237.283005
237.408005
237.095993
233.345001
230.190002
222.925995
225.802994
225.873993
224.324005
224.951996
225.619003
222.880997
228.488998
229.048004
228.802994
229.705002
229.981995
232.401993
233.542999
236.822998
250.895004
249.283997
249.007004
244.606003
245.212006
243.944
246.990005
244.296005
240.514999
242.798996
243.593994
250.990005
249.011002
257.063995
263.071991
258.621002
255.412003
256.335999
260.885986
271.912994
269.029999
266.207001
270.785004
269.227997
284.894012
293.11499
310.867004
292.053986
287.463989
285.82901
278.088989
279.471985
274.901001
273.614014
278.980988
275.833008
277.221985
276.049011
288.278015
288.696991
292.686005
293.623993
294.427002
289.589996
287.721985
284.649994
281.601013
282.614014
281.22699
285.217987
281.881989
278.576996
279.584991
260.997009
265.083008
264.470001
270.385986
266.376007
264.079987
265.679993
261.550995
258.506989
257.976013
211.078995
226.684006
235.350006
232.569
230.389999
228.169006
210.494995
221.608994
225.830994
224.768997
231.395996
229.779999
228.761002
230.056
228.121002
229.283997
227.182999
230.298004
235.018997
239.839996
239.847
243.606995
238.167999
238.477005
240.106995
235.229004
230.511993
230.643997
230.304001
229.091003
229.809998
232.975006
231.492996
231.212006
227.085007
230.617996
230.283005
234.529007
235.143997
234.339996
232.757004
239.141998
236.686996
236.059998
237.548996
237.292999
238.729996
238.259003
240.382996
246.063004
242.968994
242.304001
243.931
244.940994
247.050003
245.307999
249.507996
251.988998
254.320007
262.868988
270.640015
261.643005
263.437012
269.463013
266.272003
274.02301
276.496002
281.653992
283.679993
285.299988
293.787994
304.618011
313.855011
328.015015
314.165985
325.431
361.188995
403.416992
411.562988
386.354004
374.470001
386.481995
373.368011
380.256989
336.819
311.084015
338.152008
336.752991
332.906006
320.165985
330.751007
335.093994
334.589996
326.148987
322.022003
326.927002
324.536011
323.04599
320.04599
328.205994
352.68399
358.041992
357.381012
371.294006
377.321014
362.488007
359.187012
361.04599
363.183014
388.949005
388.78299
395.536011
415.562988
417.562988
415.479004
451.937988
434.997009
433.755005
444.182007
465.321014
454.93399
456.078003
463.615997
462.321991
442.684998
438.639008
436.571991
442.401001
454.984985
455.653015
417.273987
422.822998
422.278992
432.983002
426.619995
430.566986
434.334015
433.437988
430.010986
433.091003
431.959991
429.105011
458.048004
453.230011
447.610992
447.990997
448.428009
435.690002
432.371002
430.306
364.330994
387.536011
382.299011
387.167999
380.148987
420.230011
410.261993
382.492004
387.490997
402.971008
391.726013
392.153015
394.971985
380.289001
379.473999
378.255005
368.766998
373.056
374.447998
369.949005
389.593994
386.549011
376.522003
376.619995
373.446991
376.028992
381.648987
379.653992
384.263
391.859985
407.230011
400.184998
407.488007
416.321991
422.372986
420.785004
437.164001
438.798004
437.747986
420.735992
424.954987
424.544006
432.152008
432.519012
433.503998
437.696991
435.122986
423.989014
421.651001
410.938995
400.570007
407.707001
414.321014
413.971985
414.859985
417.131012
421.690002
411.623993
414.065002
416.437988
416.829987
417.010986
420.621002
409.548004
410.444
413.755005
413.307007
418.088989
418.040985
416.394012
417.177002
417.945007
426.765015
424.230988
416.515991
414.81601
416.729004
417.959991
420.872986
420.903992
421.444
424.029999
423.412994
422.744995
420.348999
419.411011
421.563995
422.483002
425.190002
423.734009
424.282013
429.713013
430.571991
427.398987
428.591003
435.509003
441.389008
449.424988
445.737
450.282013
458.554993
461.425995
466.088989
444.687012
449.010986
455.096985
448.317993
451.875
444.669006
450.303986
446.721985
447.976013
459.602997
458.536011
458.548004
460.483002
450.894989
452.727997
454.765991
455.670013
455.67099
457.567993
454.162994
453.78299
454.618988
438.714996
442.675995
443.187988
439.322998
444.154999
445.980988
449.598999
453.384003
473.463989
530.039978
526.232971
533.864014
531.385986
536.919983
537.971985
569.19397
572.72699
574.97699
585.536987
576.596985
581.64502
574.630005
577.469971
606.72699
672.783997
704.375977
685.559021
694.468994
766.307983
748.908997
756.22699
763.781006
737.226013
666.651978
596.116028
623.97699
665.299011
665.122986
629.367004
655.275024
647.000977
639.890015
673.336975
676.296021
703.702026
658.664001
683.661987
670.627014
677.330994
640.562012
666.52301
650.960022
649.359985
647.658997
664.551025
654.468018
658.078003
663.255005
660.767029
679.458984
673.106018
672.864014
665.684998
665.012024
650.619019
655.55603
661.284973
654.096985
651.783997
654.35199
655.034973
656.992004
655.046997
624.68103
606.271973
547.465027
566.35498
578.289001
575.04303
587.778015
592.690002
591.054016
587.801025
592.103027
589.119995
587.559021
585.588013
570.473022
567.23999
577.439026
573.216003
574.317993
575.630005
581.697021
581.307983
586.752991
583.414978
580.182007
577.760986
579.651001
569.947021
573.911987
574.106995
577.502991
575.471985
572.302979
575.536987
598.211975
608.633972
606.590027
610.435974
614.544006
626.315979
622.861023
623.508972
606.718994
608.242981
609.241028
610.684021
607.155029
606.973022
605.984009
609.874023
609.22699
608.312012
597.148987
596.297974
602.84198
602.625
600.825989
608.04303
606.166016
604.728027
605.692993
609.734985
613.982971
610.892029
612.132996
610.203979
612.510986
613.020996
617.120972
619.107971
616.752014
618.994019
641.072021
636.192017
636.786011
640.377991
638.645996
641.630981
639.192993
637.960022
630.52002
630.856995
632.828003
657.294006
657.070984
653.760986
657.588013
678.304016
688.312988
689.651001
714.479004
701.864014
700.971985
729.79303
740.828979
688.700012
703.234985
703.41803
711.521973
703.130981
709.848022
723.27301
715.533997
716.411011
705.054016
702.031006
705.020996
711.619019
744.197998
740.97699
751.585022
751.616028
731.026001
739.247986
751.346985
744.593994
740.289001
741.648987
735.382019
732.034973
735.812988
735.604004
745.690979
756.773987
777.94397
771.155029
773.872009
758.700012
764.223999
768.132019
770.809998
772.794006
774.650024
769.731018
780.086975
780.55603
781.481018
778.088013
784.906982
790.828979
790.530029
792.713989
800.875977
834.281006
864.539978
921.984009
898.822021
896.182983
907.609985
933.197998
975.921021
973.497009
961.237976
963.742981
998.325012
1021.75
1043.839966
1154.72998
1013.380005
902.200989
908.585022
911.198975
902.828003
907.679016
777.757019
804.833984
823.984009
818.411987
821.797974
831.533997
907.937988
886.617981
899.072998
895.026001
921.789001
924.672974
921.012024
892.687012
901.541992
917.585999
919.75
921.590027
919.495972
920.382019
970.403015
989.02301
1011.799988
1029.910034
1042.900024
1027.339966
1038.150024
1061.349976
1063.069946
994.382996
988.674011
1004.450012
999.18103
990.642029
1004.549988
1007.47998
1027.439941
1046.209961
1054.420044
1047.869995
1079.97998
1115.300049
1117.439941
1166.719971
1173.680054
1143.839966
1165.199951
1179.969971
1179.969971
1222.5
1251.01001
1274.98999
1255.150024
1267.119995
1272.829956
1223.540039
1150.0
1188.48999
1116.719971
1175.829956
1221.380005
1231.920044
1240.0
1249.609985
1187.810059
1100.22998
973.817993
1036.73999
1054.22998
1120.540039
1049.140015
1038.589966
937.52002
972.778992
966.724976
1045.77002
1047.150024
1039.969971
1026.430054
1071.790039
1080.5
1102.170044
1143.810059
1133.25
1124.780029
1182.680054
1176.900024
1175.949951
1187.869995
1187.130005
1205.01001
1200.369995
1169.280029
1167.540039
1172.52002
1182.939941
1193.910034
1211.670044
1210.290039
1229.079956
1222.050049
1231.709961
1207.209961
1250.150024
1265.48999
1281.079956
1317.72998
1316.47998
1321.790039
1347.890015
1421.599976
1452.819946
1490.089966
1537.670044
1555.449951
1578.800049
1596.709961
1723.349976
1755.359985
1787.130005
1848.569946
1724.23999
1804.910034
1808.910034
1738.430054
1734.449951
1839.089966
1888.650024
1987.709961
2084.72998
2041.199951
2173.399902
2320.419922
2443.639893
2304.97998
2202.419922
2038.869995
2155.800049
2255.610107
2175.469971
2286.409912
2407.879883
2488.550049
2515.350098
2511.810059
2686.810059
2863.199951
2732.159912
2805.620117
2823.810059
2947.709961
2958.110107
2659.629883
2717.02002
2506.370117
2464.580078
2518.560059
2655.879883
2548.290039
2589.600098
2721.790039
2689.100098
2705.409912
2744.909912
2608.719971
2589.409912
2478.449951
2552.449951
2574.790039
2539.320068
2480.840088
2434.550049
2506.469971
2564.060059
2601.639893
2601.98999
2608.560059
2518.659912
2571.340088
2518.439941
2372.560059
2337.790039
2398.840088
2357.899902
2233.340088
1998.859985
1929.819946
2228.409912
2318.879883
2273.429932
2817.600098
2667.76001
2810.120117
2730.399902
2754.860107
2576.47998
2529.449951
2671.780029
2809.01001
2726.449951
2757.179932
2875.340088
2718.26001
2710.669922
2804.72998
2895.889893
3252.909912
3213.939941
3378.939941
3419.939941
3342.469971
3381.280029
3650.620117
3884.709961
4073.26001
4325.129883
4181.930176
4376.629883
4331.689941
4160.620117
4193.700195
4087.659912
4001.73999
4100.52002
4151.52002
4334.680176
4371.600098
4352.399902
4382.879883
4382.660156
4579.02002
4565.299805
4703.390137
4892.009766
4578.77002
4582.959961
4236.310059
4376.529785
4597.120117
4599.879883
4228.75
4226.060059
4122.939941
4161.27002
4130.810059
3882.590088
3154.949951
3637.52002
3625.040039
3582.879883
4065.199951
3924.969971
3905.949951
3631.040039
3630.699951
3792.399902
3682.840088
3926.070068
3892.350098
4200.669922
4174.72998
4163.069824
4338.709961
4403.740234
4409.319824
4317.47998
4229.359863
4328.410156
4370.810059
4426.890137
4610.47998
4772.02002
4781.990234
4826.47998
5446.910156
5647.209961
5831.790039
5678.189941
5725.589844
5605.509766
5590.689941
5708.52002
6011.450195
6031.600098
6008.419922
5930.319824
5526.640137
5750.799805
5904.830078
5780.899902
5753.089844
6153.850098
6130.529785
6468.399902
6767.310059
7078.5
7207.759766
7379.950195
7407.410156
7022.759766
7144.379883
7459.689941
7143.580078
6618.140137
6357.600098
5950.069824
6559.490234
6635.75
7315.540039
7871.689941
7708.990234
7790.149902
8036.490234
8200.639648
8071.259766
8253.549805
8038.77002
8253.69043
8790.919922
9330.549805
9818.349609
10058.799805
9888.610352
10233.599609
10975.599609
11074.599609
11323.200195
11657.200195
11916.700195
14291.5
17899.699219
16569.400391
15178.200195
15455.400391
16936.800781
17415.400391
16408.199219
16564.0
17706.900391
19497.400391
19140.800781
19114.199219
17776.699219
16624.599609
15802.900391
13831.799805
14699.200195
13925.799805
14026.599609
16099.799805
15838.5
14606.5
14656.200195
12952.200195
14156.400391
13657.200195
14982.099609
15201.0
15599.200195
17429.5
17527.0
16477.599609
15170.099609
14595.400391
14973.299805
13405.799805
13980.599609
14360.200195
13772.0
13819.799805
11490.5
11188.599609
11474.900391
11607.400391
12899.200195
11600.099609
10931.400391
10868.400391
11359.400391
11259.400391
11171.400391
11440.700195
11786.299805
11296.400391
10106.299805
10221.099609
9170.540039
8830.75
9174.910156
8277.009766
6955.27002
7754.0
7621.299805
8265.589844
8736.980469
8621.900391
8129.970215
8926.570312
8598.30957
9494.629883
10166.400391
10233.900391
11112.700195
10551.799805
11225.299805
11403.700195
10690.400391
10005.0
10301.099609
9813.070312
9664.730469
10366.700195
10725.599609
10397.900391
10951.0
11086.400391
11489.700195
11512.599609
11573.299805
10779.900391
9965.570312
9395.009766
9337.549805
8866.0
9578.629883
9205.120117
9194.849609
8269.80957
8300.860352
8338.349609
7916.879883
8223.679688
8630.650391
8913.469727
8929.280273
8728.469727
8879.620117
8668.120117
8495.780273
8209.400391
7833.040039
7954.47998
7165.700195
6890.52002
6973.529785
6844.22998
7083.799805
7456.109863
6853.839844
6811.470215
6636.319824
6911.089844
7023.52002
6770.72998
6834.759766
6968.319824
7889.25
7895.959961
7986.240234
8329.110352
8058.669922
7902.089844
8163.419922
8294.30957
8845.830078
8895.580078
8802.459961
8930.879883
9697.5
8845.740234
9281.509766
8987.049805
9348.480469
9419.080078
9240.549805
9119.009766
9235.919922
9743.860352
9700.759766
9858.150391
9654.799805
9373.009766
9234.820312
9325.179688
9043.94043
8441.490234
8504.889648
8723.94043
8716.790039
8510.379883
8368.830078
8094.319824
8250.969727
8247.179688
8513.25
8418.990234
8041.779785
7557.819824
7587.339844
7480.140137
7355.879883
7368.220215
7135.990234
7472.589844
7406.52002
7494.169922
7541.450195
7643.450195
7720.25
7514.470215
7633.759766
7653.97998
7678.240234
7624.919922
7531.97998
6786.02002
6906.919922
6582.359863
6349.899902
6675.350098
6456.580078
6550.160156
6499.27002
6734.819824
6769.939941
6776.549805
6729.740234
6083.689941
6162.47998
6173.22998
6249.180176
6093.669922
6157.129883
5903.439941
6218.299805
6404.0
6385.819824
6614.180176
6529.589844
6597.549805
6639.140137
6673.5
6856.930176
6773.879883
6741.75
6329.950195
6394.709961
6228.810059
6238.049805
6276.120117
6359.640137
6741.75
7321.040039
7370.779785
7466.859863
7354.129883
7419.290039
7418.490234
7711.109863
8424.269531
8181.390137
7951.580078
8165.009766
8192.150391
8218.459961
8180.47998
7780.439941
7624.910156
7567.149902
7434.390137
7032.850098
7068.47998
6951.799805
6753.120117
6305.799805
6568.22998
6184.709961
6295.72998
6322.689941
6297.569824
6199.709961
6308.52002
6334.72998
6580.629883
6423.759766
6506.069824
6308.529785
6488.759766
6376.709961
6534.879883
6719.959961
6763.189941
6707.259766
6884.640137
7096.279785
7047.160156
6978.22998
7037.580078
7193.25
7272.720215
7260.060059
7361.660156
6792.830078
6529.169922
6467.069824
6225.97998
6300.859863
6329.700195
6321.200195
6351.799805
6517.310059
6512.709961
6543.200195
6517.180176
6281.200195
6371.299805
6398.540039
6519.669922
6734.950195
6721.97998
6710.629883
6595.410156
6446.470215
6495.0
6676.75
6644.129883
6601.959961
6625.560059
6589.620117
6556.100098
6502.589844
6576.689941
6622.47998
6588.310059
6602.950195
6652.22998
6642.640137
6585.529785
6256.240234
6274.580078
6285.990234
6290.930176
6596.540039
6596.109863
6544.430176
6476.709961
6465.410156
6489.189941
6482.350098
6487.160156
6475.740234
6495.839844
6476.290039
6474.75
6480.379883
6486.390137
6332.629883
6334.27002
6317.609863
6377.779785
6388.439941
6361.259766
6376.129883
6419.660156
6461.009766
6530.140137
6453.720215
6385.620117
6409.220215
6411.27002
6371.27002
6359.490234
5738.350098
5648.029785
5575.549805
5554.330078
5623.540039
4871.490234
4451.870117
4602.169922
4365.939941
4347.109863
3880.76001
4009.969971
3779.129883
3820.719971
4257.419922
4278.84668
4017.268555
4214.671875
4139.87793
3894.130859
3956.893799
3753.994873
3521.101807
3419.937256
3476.114746
3614.234375
3502.656006
3424.588135
3486.950195
3313.677246
3242.484863
3236.761719
3252.839111
3545.864746
3696.059082
3745.950684
4134.441406
3896.543701
4014.182617
3998.980225
4078.599121
3815.490723
3857.297607
3654.833496
3923.918701
3820.408691
3865.952637
3742.700439
3843.52002
3943.409424
3836.741211
3857.717529
3845.19458
4076.632568
4025.248291
4030.8479
4035.296387
3678.924561
3687.365479
3661.301025
3552.953125
3706.052246
3630.675293
3655.006836
3678.563965
3657.839355
3728.568359
3601.013672
3576.032471
3604.577148
3585.123047
3600.865479
3599.765869
3602.460449
3583.96582
3470.450439
3448.116943
3486.181641
3457.792725
3487.945312
3521.060791
3464.013428
3459.154053
3466.357422
3413.767822
3399.47168
3666.780273
3671.203613
3690.188232
3648.430664
3653.528564
3632.070557
3616.880859
3620.810791
3629.787598
3673.836182
3915.714355
3947.094482
3999.820557
3954.118164
4005.526611
4142.526855
3810.42749
3882.696289
3854.35791
3851.047363
3854.7854
3859.58374
3864.415039
3847.175781
3761.557129
3896.375
3903.942627
3911.484375
3901.131592
3963.313721
3951.599854
3905.227295
3909.15625
3906.717285
3924.369141
3960.911133
4048.72583
4025.229004
4032.507324
4071.190186
4087.476318
4029.326904
4023.968262
4035.826416
4022.168213
3963.070557
3985.080811
4087.066162
4069.107178
4098.374512
4106.660156
4105.404297
4158.183105
4879.87793
4973.021973
4922.798828
5036.681152
5059.817383
5198.896973
5289.770996
5204.958496
5324.551758
5064.487793
5089.539062
5096.586426
5167.722168
5067.108398
5235.55957
5251.937988
5298.385742
5303.8125
5337.88623
5314.53125
5399.365234
5572.362305
5464.866699
5210.515625
5279.348145
5268.291016
5285.13916
5247.352539
5350.726562
5402.697266
5505.283691
5768.289551
5831.16748
5795.708496
5746.807129
5829.501465
5982.45752
6174.528809
6378.849121
7204.771484
6972.371582
7814.915039
7994.416016
8205.167969
7884.90918
7343.895508
7271.208008
8197.689453
7978.309082
7963.327637
7680.066406
7881.84668
7987.371582
8052.543945
8673.21582
8805.77832
8719.961914
8659.487305
8319.472656
8574.501953
8564.016602
8742.958008
8208.995117
7707.770996
7824.231445
7822.023438
8043.951172
7954.12793
7688.077148
8000.32959
7927.714355
8145.857422
8230.923828
8693.833008
8838.375
8994.488281
9320.352539
9081.762695
9273.521484
9527.160156
10144.556641
10701.691406
10855.371094
11011.102539
11790.916992
13016.231445
11182.806641
12407.332031
11959.371094
10817.155273
10583.134766
10801.677734
11961.269531
11215.4375
10978.459961
11208.550781
11450.84668
12285.958008
12573.8125
12156.512695
11358.662109
11815.986328
11392.378906
10256.058594
10895.089844
9477.641602
9693.802734
10666.482422
10530.732422
10767.139648
10599.105469
10343.106445
9900.767578
9811.925781
9911.841797
9870.303711
9477.677734
9552.860352
9519.145508
9607.423828
10085.62793
10399.668945
10518.174805
10821.726562
10970.18457
11805.65332
11478.168945
11941.96875
11966.407227
11862.936523
11354.024414
11523.579102
11382.616211
10895.830078
10051.704102
10311.545898
10374.338867
10231.744141
10345.810547
10916.053711
10763.232422
10138.049805
10131.055664
10407.964844
10159.960938
10138.517578
10370.820312
10185.5
9754.422852
9510.200195
9598.173828
9630.664062
9757.970703
10346.760742
10623.540039
10594.493164
10575.533203
10353.302734
10517.254883
10441.276367
10334.974609
10115.975586
10178.37207
10410.126953
10360.546875
10358.048828
10347.712891
10276.793945
10241.272461
10198.248047
10266.415039
10181.641602
10019.716797
10070.392578
9729.324219
8620.566406
8486.993164
8118.967773
8251.845703
8245.915039
8104.185547
8293.868164
8343.276367
8393.041992
8259.992188
8205.939453
8151.500488
7988.155762
8245.623047
8228.783203
8595.740234
8586.473633
8321.756836
8336.555664
8321.005859
8374.686523
8205.369141
8047.526855
8103.911133
7973.20752
7988.560547
8222.078125
8243.720703
8078.203125
7514.671875
7493.48877
8660.700195
9244.972656
9551.714844
9256.148438
9427.6875
9205.726562
9199.584961
9261.104492
9324.717773
9235.354492
9412.612305
9342.527344
9360.879883
9267.561523
8804.880859
8813.582031
9055.526367
8757.788086
8815.662109
8808.262695
8708.094727
8491.992188
8550.760742
8577.975586
8309.286133
8206.145508
8027.268066
7642.75
7296.577637
7397.796875
7047.916992
7146.133789
7218.371094
7531.663574
7463.105957
7761.243652
7569.629883
7424.29248
7321.988281
7320.145508
7252.034668
7448.307617
7546.996582
7556.237793
7564.345215
7400.899414
7278.119629
7217.427246
7243.134277
7269.68457
7124.673828
7152.301758
6932.480469
6640.515137
7276.802734
7202.844238
7218.816406
7191.158691
7511.588867
7355.628418
7322.532227
7275.155762
7238.966797
7290.088379
7317.990234
7422.652832
7292.995117
7193.599121
7200.174316
6985.470215
7344.884277
7410.656738
7411.317383
7769.219238
8163.692383
8079.862793
7879.071289
8166.554199
8037.537598
8192.494141
8144.194336
8827.764648
8807.010742
8723.786133
8929.038086
8942.808594
8706.245117
8657.642578
8745.894531
8680.875977
8406.515625
8445.43457
8367.847656
8596.830078
8909.819336
9358.589844
9316.629883
9508.993164
9350.529297
9392.875
9344.365234
9293.521484
9180.962891
9613.423828
9729.801758
9795.943359
9865.119141
10116.673828
9856.611328
10208.236328
10326.054688
10214.379883
10312.116211
9889.424805
9934.433594
9690.142578
10141.996094
9633.386719
9608.475586
9686.441406
9663.181641
9924.515625
9650.174805
9341.705078
8820.522461
8784.494141
8672.455078
8599.508789
8562.454102
8869.669922
8787.786133
8755.246094
9078.762695
9122.545898
8909.954102
8108.116211
7923.644531
7909.729492
7911.430176
4970.788086
5563.707031
5200.366211
5392.314941
5014.47998
5225.629395
5238.438477
6191.192871
6198.77832
6185.066406
5830.254883
6416.314941
6734.803711
6681.062988
6716.44043
6469.79834
6242.193848
5922.042969
6429.841797
6438.644531
6606.776367
6793.624512
6733.387207
6867.527344
6791.129395
7271.78125
7176.414551
7334.098633
7302.089355
6865.493164
6859.083008
6971.091797
6845.037598
6842.427734
6642.109863
7116.804199
7096.18457
7257.665039
7189.424805
6881.958496
6880.323242
7117.20752
7429.724609
7550.900879
7569.936035
7679.867188
7795.601074
7807.058594
8801.038086
8658.553711
8864.766602
8988.59668
8897.46875
8912.654297
9003.070312
9268.761719
9951.518555
9842.666016
9593.896484
8756.430664
8601.795898
8804.477539
9269.987305
9733.72168
9328.197266
9377.013672
9670.739258
9726.575195
9729.038086
9522.981445
9081.761719
9182.577148
9209.287109
8790.368164
8906.93457
8835.052734
9181.017578
9525.750977
9439.124023
9700.414062
9461.058594
10167.268555
9529.803711
9656.717773
9800.636719
9665.533203
9653.679688
9758.852539
9771.489258
9795.700195
9870.094727
9321.78125
9480.84375
9475.277344
9386.788086
9450.702148
9538.024414
9480.254883
9411.84082
9288.018555
9332.34082
9303.629883
9648.717773
9629.658203
9313.610352
9264.813477
9162.917969
9045.390625
9143.582031
9190.854492
9137.993164
9228.325195
9123.410156
9087.303711
9132.488281
9073.942383
9375.474609
9252.277344
9428.333008
9277.967773
9278.807617
9240.34668
9276.5
9243.614258
9243.213867
9192.836914
9132.227539
9151.392578
9159.040039
9185.817383
9164.231445
9374.887695
9525.363281
9581.072266
9536.892578
9677.113281
9905.166992
10990.873047
10912.823242
11100.467773
11111.213867
11323.466797
11759.592773
11053.614258
11246.348633
11205.892578
11747.022461
11779.773438
11601.472656
11754.045898
11675.739258
11878.111328
11410.525391
11584.93457
11784.137695
11768.871094
11865.698242
11892.803711
12254.402344
11991.233398
11758.283203
11878.37207
11592.489258
11681.825195
11664.847656
11774.595703
11366.134766
11488.363281
11323.397461
11542.5
11506.865234
11711.505859
11680.820312
11970.478516
11414.03418
10245.296875
10511.813477
10169.567383
10280.351562
10369.563477
10131.516602
10242.347656
10363.138672
10400.915039
10442.170898
10323.755859
10680.837891
10796.951172
10974.905273
10948.990234
10944.585938
11094.34668
10938.271484
10462.259766
10538.459961
10246.186523
10760.066406
10692.716797
10750.723633
10775.269531
10709.652344
10844.640625
10784.491211
10619.452148
10575.974609
10549.329102
10669.583008
10793.339844
10604.40625
10668.96875
10915.685547
11064.458008
11296.361328
11384.181641
11555.363281
11425.899414
11429.506836
11495.349609
11322.123047
11358.101562
11483.359375
11742.037109
11916.334961
12823.689453
12965.891602
12931.539062
13108.0625
13031.173828
13075.248047
13654.21875
13271.285156
13437.882812
13546.522461
13780.995117
13737.109375
13550.489258
13950.300781
14133.707031
15579.848633
15565.880859
14833.753906
15479.567383
15332.31543
15290.902344
15701.339844
16276.34375
16317.808594
16068.138672
15955.587891
16716.111328
17645.40625
17804.005859
17817.089844
18621.314453
18642.232422
18370.001953
18364.121094
19107.464844
18732.121094
17150.623047
17108.402344
17717.414062
18177.484375
19625.835938
18802.998047
19201.091797
19445.398438
18699.765625
19154.230469
19345.121094
19191.630859
18321.144531
18553.916016
18264.992188
18058.904297
18803.65625
19142.382812
19246.644531
19417.076172
21310.597656
22805.162109
23137.960938
23869.832031
23477.294922
22803.082031
23783.029297
23241.345703
23735.949219
24664.791016
26437.037109
26272.294922
27084.808594
27362.4375
28840.953125
29001.720703
29374.152344
32127.267578
32782.023438
31971.914062
33992.429688
36824.363281
39371.042969
40797.609375
40254.546875
38356.441406
35566.65625
33922.960938
37316.359375
39187.328125
36825.367188
36178.140625
35791.277344
36630.074219
36069.804688
35547.75
30825.699219
33005.761719
32067.642578
32289.378906
32366.392578
32569.849609
30432.546875
33466.097656
34316.386719
34269.523438
33114.359375
33537.175781
35510.289062
37472.089844
36926.066406
38144.308594
39266.011719
38903.441406
46196.464844
46481.105469
44918.183594
47909.332031
47504.851562
47105.515625
48717.289062
47945.058594
49199.871094
52149.007812
51679.796875
55888.132812
56099.519531
57539.945312
54207.320312
48824.425781
49705.332031
47093.851562
46339.761719
46188.453125
45137.769531
49631.242188
48378.988281
50538.242188
48561.167969
48927.304688
48912.382812
51206.691406
52246.523438
54824.117188
56008.550781
57805.121094
57332.089844
61243.085938
59302.316406
55907.199219
56804.902344
58870.894531
57858.921875
58346.652344
58313.644531
57523.421875
54529.144531
54738.945312
52774.265625
51704.160156
55137.3125
55973.511719
55950.746094
57750.199219
58917.691406
58918.832031
59095.808594
59384.3125
57603.890625
58758.554688
59057.878906
58192.359375
56048.9375
58323.953125
58245.003906
59793.234375
60204.964844
59893.453125
63503.457031
63109.695312
63314.011719
61572.789062
60683.820312
56216.183594
55724.265625
56473.03125
53906.089844
51762.273438
51093.652344
50050.867188
49004.253906
54021.753906
55033.117188
54824.703125
53555.109375
57750.175781
57828.050781
56631.078125
57200.292969
53333.539062
57424.007812
56396.515625
57356.402344
58803.777344
58232.316406
55859.796875
56704.574219
49150.535156
49716.191406
49880.535156
46760.1875
46456.058594
43537.511719
42909.402344
37002.441406
40782.738281
37304.691406
37536.632812
34770.582031
38705.980469
38402.222656
39294.199219
38436.96875
35697.605469
34616.066406
35678.128906
37332.855469
36684.925781
37575.179688
39208.765625
36894.40625
35551.957031
35862.378906
33560.707031
33472.632812
37345.121094
36702.597656
37334.398438
35552.515625
39097.859375
40218.476562
40406.269531
38347.0625
38053.503906
35787.246094
35615.871094
35698.296875
31676.693359
32505.660156
33723.027344
34662.4375
31637.779297
32186.277344
34649.644531
34434.335938
35867.777344
35040.835938
33572.117188
33897.046875
34668.546875
35287.78125
33746.003906
34235.195312
33855.328125
32877.371094
33798.011719
33520.519531
34240.1875
33155.847656
32702.025391
32822.347656
31780.730469
31421.539062
31533.068359
31796.810547
30817.832031
29807.347656
32110.693359
32313.105469
33581.550781
34292.445312
35350.1875
37337.535156
39406.941406
39995.90625
40008.421875
42235.546875
41626.195312
39974.894531
39201.945312
38152.980469
39747.503906
40869.554688
42816.5
44555.800781
43798.117188
46365.402344
45585.03125
45593.636719
44428.289062
47793.320312
47096.945312
47047.003906
46004.484375
44695.359375
44801.1875
46717.578125
49339.175781
48905.492188
49321.652344
49546.148438
47706.117188
48960.789062
46942.21875
49058.667969
48902.402344
48829.832031
47054.984375
47166.6875
48847.027344
49327.722656
50025.375
49944.625
51753.410156
52633.535156
46811.128906
46091.390625
46391.421875
44883.910156
45201.457031
46063.269531
44963.074219
47092.492188
48176.347656
47783.359375
47267.519531
48278.363281
47260.21875
42843.800781
40693.675781
43574.507812
44895.097656
42839.75
42716.59375
43208.539062
42235.730469
41034.542969
41564.363281
43790.894531
48116.941406
47711.488281
48199.953125
49112.902344
51514.8125
55361.449219
53805.984375
53967.847656
54968.222656
54771.578125
57484.789062
56041.058594
57401.097656
57321.523438
61593.949219
60892.179688
61553.617188
62026.078125
64261.992188
65992.835938
62210.171875
60692.265625
61393.617188
60930.835938
63039.824219
60363.792969
58482.386719
60622.136719
62227.964844
61888.832031
61318.957031
61004.40625
63226.402344
62970.046875
61452.230469
61125.675781
61527.480469
63326.988281
67566.828125
66971.828125
64995.230469
64949.960938
64155.941406
64469.527344
65466.839844
63557.871094
60161.246094
60368.011719
56942.136719
58119.578125
59697.195312
58730.476562
56289.289062
57569.074219
56280.425781
57274.679688
53569.765625
54815.078125
57248.457031
57806.566406
57005.425781
57229.828125
56477.816406
53598.246094
49200.703125
49368.847656
50582.625
50700.085938
50504.796875
47672.121094
47243.304688
49362.507812
50098.335938
46737.480469
46612.632812
48896.722656
47665.425781
46202.144531
46848.777344
46707.015625
46880.277344
48936.613281
48628.511719
50784.539062
50822.195312
50429.859375
50809.515625
50640.417969
47588.855469
46444.710938
47178.125
46306.445312
47686.8125
47345.21875
46458.117188
45897.574219
43569.003906
43160.929688
41557.902344
41733.941406
41911.601562
41821.261719
42735.855469
43949.101562
42591.570312
43099.699219
43177.398438
43113.878906
42250.550781
42375.632812
41744.328125
40680.417969
36457.316406
35030.25
36276.804688
36654.328125
36954.003906
36852.121094
37138.234375
37784.332031
38138.179688
37917.601562
38483.125
38743.273438
36952.984375
37154.601562
41500.875
41441.164062
42412.433594
43840.285156
44118.445312
44338.796875
43565.113281
42407.9375
42244.46875
42197.515625
42586.917969
44575.203125
43961.859375
40538.011719
40030.976562
40122.15625
38431.378906
37075.28125
38286.027344
37296.570312
38332.609375
39214.21875
39105.148438
37709.785156
43193.234375
44354.636719
43924.117188
42451.789062
39137.605469
39400.585938
38419.984375
38062.039062
38737.269531
41982.925781
39437.460938
38794.972656
38904.011719
37849.664062
39666.753906
39338.785156
41143.929688
40951.378906
41801.15625
42190.652344
41247.824219
41077.996094
42358.808594
42892.957031
43960.933594
44348.730469
44500.828125
46820.492188
47128.003906
47465.730469
47062.664062
45538.675781
46281.644531
45868.949219
46453.566406
46622.675781
45555.992188
43206.738281
43503.847656
42287.664062
42782.136719
42207.671875
39521.902344
40127.183594
41166.730469
39935.515625
40553.464844
40424.484375
39716.953125
40826.214844
41502.75
41374.378906
40527.363281
39740.320312
39486.730469
39469.292969
40458.308594
38117.460938
39241.121094
39773.828125
38609.824219
37714.875
38469.09375
38529.328125
37750.453125
39698.371094
36575.140625
36040.921875
35501.953125
34059.265625
30296.953125
31022.90625
28936.355469
29047.751953
29283.103516
30101.265625
31305.113281
29862.917969
30425.857422
28720.271484
30314.333984
29200.740234
29432.226562
30323.722656
29098.910156
29655.585938
29562.361328
29267.224609
28627.574219
28814.900391
29445.957031
31726.390625
31792.310547
29799.080078
30467.488281
29704.390625
29832.914062
29906.662109
31370.671875
31155.478516
30214.355469
30111.998047
29083.804688
28360.810547
26762.648438
22487.388672
22206.792969
22572.839844
20381.650391
20471.482422
19017.642578
20553.271484
20599.537109
20710.597656
19987.029297
21085.876953
21231.65625
21502.337891
21027.294922
20735.478516
20280.634766
20104.023438
19784.726562
19269.367188
19242.255859
19297.076172
20231.261719
20190.115234
20548.246094
21637.587891
21731.117188
21592.207031
20860.449219
19970.556641
19323.914062
20212.074219
20569.919922
20836.328125
21190.316406
20779.34375
22485.689453
23389.433594
23231.732422
23164.628906
22714.978516
22465.478516
22609.164062
21361.701172
21239.753906
22930.548828
23843.886719
23804.632812
23656.207031
23336.896484
23314.199219
22978.117188
22846.507812
22630.957031
23289.314453
22961.279297
23175.890625
23809.486328
23164.318359
23947.642578
23957.529297
24402.818359
24424.068359
24319.333984
24136.972656
23883.291016
23335.998047
23212.738281
20877.552734
21166.060547
21534.121094
21398.908203
21528.087891
21395.019531
21600.904297
20260.019531
20041.738281
19616.814453
20297.994141
19796.808594
20049.763672
20127.140625
19969.771484
19832.087891
19986.712891
19812.371094
18837.667969
19290.324219
19329.833984
21381.152344
21680.539062
21769.255859
22370.449219
20296.707031
20241.089844
19701.210938
19772.583984
20127.576172
19419.505859
19544.128906
18890.789062
18547.400391
19413.550781
19297.638672
18937.011719
18802.097656
19222.671875
19110.546875
19426.720703
19573.050781
19431.789062
19312.095703
19044.107422
19623.580078
20336.84375
20160.716797
19955.443359
19546.849609
19416.568359
19446.425781
19141.484375
19051.417969
19157.445312
19382.904297
19185.65625
19067.634766
19268.09375
19550.757812
19334.416016
19139.535156
19053.740234
19172.46875
19208.189453
19567.007812
19345.572266
20095.857422
20770.441406
20285.835938
20595.351562
20818.476562
20635.603516
20495.773438
20485.273438
20159.503906
20209.988281
21147.230469
21282.691406
20926.486328
20602.816406
18541.271484
15880.780273
17586.771484
17034.292969
16799.185547
16353.365234
16618.199219
16884.613281
16669.439453
16687.517578
16697.777344
16711.546875
16291.832031
15787.28418
16189.769531
16610.707031
16604.464844
16521.841797
16464.28125
16444.626953
16217.322266
16444.982422
17168.566406
16967.132812
17088.660156
16908.236328
17130.486328
16974.826172
17089.503906
16848.126953
17233.474609
17133.152344
17128.724609
17104.193359
17206.4375
17781.318359
17815.650391
17364.865234
16647.484375
16795.091797
16757.976562
16439.679688
16906.304688
16817.535156
16830.341797
16796.953125
16847.755859
16841.986328
16919.804688
16717.173828
16552.572266
16642.341797
16602.585938
16547.496094
16625.080078
16688.470703
16679.857422
16863.238281
16836.736328
16951.96875
16955.078125
17091.144531
17196.554688
17446.292969
17934.896484
18869.587891
19909.574219
20976.298828
20880.798828
21169.632812
21161.519531
20688.78125
21086.792969
22676.552734
22777.625
22720.416016
22934.431641
22636.46875
23117.859375
23032.777344
23078.728516
23031.089844
23774.566406
22840.138672
23139.283203
23723.769531
23471.871094
23449.322266
23331.847656
22955.666016
22760.109375
23264.291016
22939.398438
21819.039062
21651.183594
21870.875
21788.203125
21808.101562
22220.804688
24307.841797
23623.474609
24565.601562
24641.277344
24327.642578
24829.148438
24436.353516
24188.84375
23947.492188
23198.126953
23175.375
23561.212891
23522.871094
23147.353516
23646.550781
23475.466797
22362.679688
22353.349609
22435.513672
22429.757812
22219.769531
21718.080078
20363.021484
20187.244141
20632.410156
22163.949219
24197.533203
24746.074219
24375.960938
25052.789062
27423.929688
26965.878906
28038.675781
27767.236328
28175.816406
27307.4375
28333.972656
27493.285156
27494.707031
27994.330078
27139.888672
27268.130859
28348.441406
28033.5625
28478.484375
28411.035156
28199.308594
27790.220703
28168.089844
28177.984375
28044.140625
27925.859375
27947.794922
28333.050781
29652.980469
30235.058594
30139.052734
30399.066406
30485.699219
30318.496094
30315.355469
29445.044922
30397.552734
28822.679688
28245.988281
27276.910156
27817.5
27591.384766
27525.339844
28307.597656
28422.701172
29473.787109
29340.261719
29248.488281
29268.806641
28091.568359
28680.537109
29006.308594
28847.710938
29534.384766
28904.623047
28454.978516
27694.273438
27658.775391
27621.755859
27000.789062
26804.990234
26784.078125
26930.638672
27192.693359
27036.650391
27398.802734
26832.208984
26890.128906
27129.585938
26753.826172
26851.277344
27225.726562
26334.818359
26476.207031
26719.291016
26868.353516
28085.646484
27745.884766
27702.349609
27219.658203
26819.972656
27249.589844
27075.128906
27119.066406
25760.097656
27238.783203
26345.998047
26508.216797
26480.375
25851.240234
25940.167969
25902.5
25918.728516
25124.675781
25576.394531
26327.462891
26510.675781
26336.212891
26851.029297
28327.488281
30027.296875
29912.28125
30695.46875
30548.695312
30480.261719
30271.130859
30688.164062
30086.246094
30445.351562
30477.251953
30590.078125
30620.769531
31156.439453
30777.582031
30514.166016
29909.337891
30342.265625
30292.541016
30171.234375
30414.470703
30620.951172
30391.646484
31476.048828
30334.068359
30295.806641
30249.132812
30145.888672
29856.5625
29913.923828
29792.015625
29908.744141
29771.802734
30084.539062
29176.916016
29227.390625
29354.972656
29210.689453
29319.246094
29356.917969
29275.308594
29230.111328
29675.732422
29151.958984
29178.679688
29074.091797
29042.126953
29041.855469
29180.578125
29765.492188
29561.494141
29429.591797
29397.714844
29415.964844
29282.914062
29408.443359
29170.347656
28701.779297
26664.550781
26049.556641
26096.205078
26189.583984
26124.140625
26031.65625
26431.640625
26162.373047
26047.667969
26008.462891
26089.693359
26106.150391
27727.392578
27297.265625
25931.472656
25800.724609
25868.798828
25969.566406
25812.416016
25779.982422
25753.236328
26240.195312
25905.654297
25895.677734
25832.226562
25162.654297
25833.34375
26228.324219
26539.673828
26608.693359
26568.28125
26534.1875
26754.28125
27211.117188
27132.007812
26567.632812
26579.568359
26579.390625
26256.826172
26298.480469
26217.25
26352.716797
27021.546875
26911.720703
26967.916016
27983.75
27530.785156
27429.978516
27799.394531
27415.912109
27946.597656
27968.839844
27935.089844
27583.677734
27391.019531
26873.320312
26756.798828
26862.375
26861.707031
27159.652344
28519.466797
28415.748047
28328.341797
28719.806641
29682.949219
29918.412109
29993.896484
33086.234375
33901.527344
34502.820312
34156.648438
33909.800781
34089.574219
34538.480469
34502.363281
34667.78125
35437.253906
34938.242188
34732.324219
35082.195312
35049.355469
35037.371094
35443.5625
35655.277344
36693.125
37313.96875
37138.050781
37054.519531
36502.355469
35537.640625
37880.582031
36154.769531
36596.683594
36585.703125
37386.546875
37476.957031
35813.8125
37432.339844
37289.621094
37720.28125
37796.792969
37479.121094
37254.167969
37831.085938
37858.492188
37712.746094
38688.75
39476.332031
39978.390625
41980.097656
44080.648438
43746.445312
43292.664062
44166.601562
43725.984375
43779.699219
41243.832031
41450.222656
42890.742188
43023.972656
41929.757812
42240.117188
41364.664062
42623.539062
42270.527344
43652.25
43869.152344
43997.902344
43739.542969
43016.117188
43613.140625
42520.402344
43442.855469
42627.855469
42099.402344
42156.902344
42265.1875
44167.332031
44957.96875
42848.175781
44179.921875
44162.691406
43989.195312
43943.097656
46970.503906
46139.730469
46627.777344
46368.585938
42853.167969
42842.382812
41796.269531
42511.96875
43154.945312
42742.652344
41262.058594
41618.40625
41665.585938
41545.785156
39507.367188
39845.550781
40077.074219
39933.808594
41816.871094
42120.054688
42035.59375
43288.246094
42952.609375
42582.605469
43075.773438
43185.859375
42992.25
42583.582031
42658.667969
43084.671875
44318.222656
45301.566406
47147.199219
47771.277344
48293.917969
49958.222656
49742.441406
51826.695312
51938.554688
52160.203125
51662.996094
52122.546875
51779.144531
52284.875
51839.179688
51304.972656
50731.949219
51571.101562
51733.238281
54522.402344
57085.371094
62504.789062
61198.382812
62440.632812
62029.847656
63167.371094
68330.414062
63801.199219
66106.804688
66925.484375
68300.09375
68498.882812
69019.789062
72123.90625
71481.289062
73083.5
71396.59375
69403.773438
65315.117188
68390.625
67548.59375
61912.773438
67913.671875
65491.390625
63778.761719
64062.203125
67234.171875
69958.8125
69987.835938
69455.34375
70744.953125
69892.828125
69645.304688
71333.648438
69702.148438
65446.972656
65980.8125
68508.84375
67837.640625
68896.109375
69362.554688
71631.359375
69139.015625
70587.882812
70060.609375
67195.867188
63821.472656
65738.726562
63426.210938
63811.863281
61276.691406
63512.753906
63843.570312
64994.441406
64926.644531
66837.679688
66407.273438
64276.898438
64481.707031
63755.320312
63419.140625
63113.230469
63841.121094
60636.855469
58254.011719
59123.433594
62889.835938
63891.472656
64031.132812
63161.949219
62334.816406
61187.941406
63049.960938
60792.777344
60793.710938
61448.394531
62901.449219
61552.789062
66267.492188
65231.582031
67051.875
66940.804688
66278.367188
71448.195312
70136.53125
69122.335938
67929.5625
68526.101562
69265.945312
68518.09375
69394.554688
68296.21875
67578.09375
68364.992188
67491.414062
67706.9375
67751.601562
68804.78125
70567.765625
71082.820312
70757.164062
69342.585938
69305.773438
69647.992188
69512.28125
67332.03125
68241.1875
66756.398438
66011.09375
66191.0
66639.046875
66490.296875
65140.746094
64960.296875
64828.65625
64096.199219
64252.578125
63180.796875
60277.414062
61804.640625
60811.277344
61604.800781
60320.136719
60887.378906
62678.292969
62851.980469
62029.015625
60173.921875
56977.703125
56662.375
58303.539062
55849.109375
56705.097656
58009.226562
57742.496094
57344.914062
57899.464844
59231.953125
60787.792969
64870.152344
65097.148438
64118.792969
63974.066406
66710.15625
67163.648438
68154.523438
67585.25
65927.671875
65372.132812
65777.226562
67912.0625
67813.335938
68255.867188
66819.914062
66201.015625
64619.25
65357.5
61415.066406
60680.09375
58116.976562
53991.457031
56034.316406
55027.460938
61710.136719
60880.113281
60945.8125
58719.484375
59354.515625
60609.566406
58737.269531
57560.097656
58894.105469
59478.972656
58483.964844
59493.453125
59012.792969
61175.191406
60381.914062
64094.355469
64178.992188
64333.542969
62880.660156
59504.132812
59027.625
59388.179688
59119.476562
58969.898438
57325.488281
59112.480469
57431.023438
57971.539062
56160.488281
53948.753906
54139.6875
54841.566406
57019.535156
57648.710938
57343.171875
58127.011719
60571.300781
60005.121094
59182.835938
58192.507812
60308.539062
61649.679688
62940.457031
63192.976562
63394.839844
63648.710938
63329.800781
64301.96875
63143.144531
65181.019531
65790.664062
65887.648438
65635.304688
63329.5
60837.007812
60632.785156
60759.402344
62067.476562
62089.949219
62818.953125
62236.660156
62131.96875
60582.101562
60274.5
62445.089844
63193.023438
62851.375
66046.125
67041.109375
67612.71875
67399.835938
68418.789062
68362.734375
69001.703125
67367.851562
67361.40625
66432.195312
68161.054688
66642.414062
67014.695312
67929.296875
69907.757812
72720.492188
72339.539062
70215.1875
69482.46875
69289.273438
68741.117188
67811.507812
69359.5625
75639.078125
75904.859375
76545.476562
76778.867188
80474.1875
88701.484375
87955.8125
90584.164062
87250.429688
91066.007812
90558.476562
89845.851562
90542.640625
92343.789062
94339.492188
98504.726562
98997.664062
97777.28125
98013.820312
93102.296875
91985.320312
95962.53125
95652.46875
97461.523438
96449.054688
97279.789062
95865.304688
96002.164062
98768.53125
96593.570312
99920.710938
99923.335938
101236.015625
97432.71875
96675.429688
101173.03125
100043.0
101459.257812
101372.96875
104298.695312
106029.71875
106140.601562
100041.539062
97490.953125
97755.929688
97224.726562
95104.9375
94686.242188
98676.09375
99299.195312
95795.515625
94164.859375
95163.929688
93530.226562
92643.210938
93429.203125
94419.757812
96886.875
98107.429688
98236.226562
98314.960938
102078.085938
96922.703125
95043.523438
92484.039062
94701.453125
94566.59375
94488.4375
94516.523438
96534.046875
100504.492188
99756.90625
104462.039062
104408.070312
101089.609375
102016.664062
106146.265625
103653.070312
103960.171875
104819.484375
104714.648438
102682.5
102087.6875
101332.476562
103703.210938
104735.304688
102405.023438
100655.90625
97688.976562
101405.421875
97871.820312
96615.445312
96593.296875
96529.085938
96482.453125
96500.09375
97437.554688
95747.429688
97885.859375
96623.867188
97508.96875
97580.351562
96175.03125
95773.382812
95539.546875
96635.609375
98333.9375
96125.546875
96577.757812
96273.921875
91418.171875
88736.171875
84347.023438
84704.226562
84373.007812
86031.914062
94248.351562
86065.671875
87222.195312
90623.5625
89961.726562
86742.671875
86154.59375
80601.039062
78532.0
82862.210938
83722.359375
81066.703125
83969.101562
84343.109375
82579.6875
84075.6875
82718.5
86854.226562
84167.195312
84043.242188
83832.484375
86054.375
87498.914062
87471.703125
86900.882812
87177.101562
84353.148438
82597.585938
82334.523438
82548.914062
85169.171875
82485.710938
83102.828125
83843.804688
83504.796875
78214.484375
79235.335938
76271.953125
82573.953125
79626.140625
83404.835938
85287.109375
83684.976562
84542.390625
83668.992188
84033.867188
84895.75
84450.804688
85063.414062
85174.304688
87518.90625
93441.890625
93699.109375
93943.796875
94720.5
94646.929688
93754.84375
94978.75
94284.789062
94207.3125
96492.335938
96910.070312
95891.796875
94315.976562
94748.054688
96802.476562
97032.320312
103241.460938
102970.851562
104696.328125
104106.359375
102812.953125
104169.8125
103539.414062
103744.640625
103489.289062
103191.085938
106446.007812
105606.179688
106791.085938
109678.078125
111673.28125
107287.796875
107791.15625
109035.390625
109440.367188
108994.640625
107802.328125
105641.757812
103998.570312
104638.09375
105652.101562
105881.53125
105432.46875
104731.984375
101575.953125
104390.34375
105615.625
105793.648438
110294.101562
110257.234375
108686.625
105929.054688
106090.96875
105472.40625
105552.023438
106796.757812
104601.117188
104883.328125
104684.289062
103309.601562
102257.40625
100987.140625
105577.773438
106045.632812
107361.257812
106960.0
107088.429688
107327.703125
108385.570312
107135.335938
105698.28125
108859.320312
109647.976562
108034.335938
108231.179688
109232.070312
108299.851562
108950.273438
111326.554688
115987.203125
117516.992188
117435.226562
119116.117188
119849.703125
117777.1875
118738.507812
119289.84375
118003.226562
117939.976562
117300.789062
117439.539062
119995.414062
118754.960938
118368.0
117635.882812
117947.367188
119448.492188
117924.476562
117922.148438
117831.1875
115758.203125
113320.085938
112526.914062
114217.671875
115071.882812
114141.445312
115028.0
117496.898438
116688.726562
116500.359375
119306.757812
118731.445312
120172.90625
123344.0625
118359.578125
117398.351562
117491.351562
117453.0625
116252.3125
112831.179688
114274.742188
112419.03125
116874.085938
115374.328125
113458.429688
110124.351562
111802.65625
111222.0625
112544.804688
108410.835938
108808.070312
108236.710938
109250.59375
111200.585938
111723.210938
110723.601562
110650.984375
110224.695312
111167.617188
112071.429688
111530.546875
113955.359375
115507.539062
116101.578125
115950.507812
115407.65625
115444.875
116843.1875
116468.507812
117137.203125
115688.859375
115721.960938
115306.09375
112748.507812
112014.5
113328.632812
109049.289062
109712.828125
109681.945312
112122.640625
114400.382812
114056.085938
118648.929688
120681.257812
122266.53125
122425.429688
123513.476562
124752.53125
121451.382812
123354.867188
121705.585938
113214.367188
110807.882812
115169.765625
115271.078125
113118.664062
110783.164062
108186.039062
106467.789062
107198.265625
108666.710938
110588.929688
108476.890625
107688.585938
110069.726562
111033.921875
111641.726562
114472.445312
114119.328125
112956.164062
110055.304688
108305.546875
109556.164062
110064.015625
110639.625
106547.523438
101590.523438
103891.835938
101301.289062
103372.40625
102282.117188
104719.640625
105996.59375
102997.46875
101663.1875
99697.492188
94397.789062
95549.148438
94177.078125
92093.875
92948.875
91465.992188
86631.898438
85090.6875
84648.359375
86805.007812
88270.5625
87341.890625
90518.367188
91285.375
90919.265625
90851.757812
90394.3125
86321.570312
91350.203125
93527.804688
92141.625
89387.757812
89272.375
90405.640625
90640.203125
92691.710938
92020.945312
92511.335938
90270.414062
90298.710938
88175.179688
86419.78125
87843.984375
86143.757812
85462.507812
88103.382812
88344.0
88621.75
88490.015625
87414.0
87611.960938
87234.742188
87301.429688
87802.15625
87835.835938
87138.140625
88430.132812
87508.828125
88731.984375
89944.695312
90603.1875
91413.492188
93882.554688
93729.03125
91308.054688
91027.125
90513.101562
90386.648438
90827.460938
91192.992188
95321.78125
96929.328125
95551.1875
95525.117188
95099.921875
93634.429688
92553.59375
88310.90625
89376.960938
89462.453125
89503.875
89110.734375
86572.21875
88267.140625
89102.570312
89184.570312
84561.585938
84128.65625
78621.117188
76974.445312
78688.765625
75633.546875
73019.703125
62702.097656
70555.390625
69281.96875
70264.726562
70120.78125
68793.960938
66991.96875
66221.84375
68857.84375
69767.625
68788.1875
68843.15625
67494.21875
66425.320312
66957.523438
68005.421875
68003.765625
67659.390625
64616.738281
64080.042969
67960.125
67453.773438
65881.796875
66995.859375
65738.101562
68775.851562
68293.648438
72710.578125
70841.125
68136.492188
67272.59375
65969.78125
68402.382812
69926.921875
70204.882812
70493.460938
70968.265625
71214.625
72789.914062
74861.085938
73922.476562
71245.578125
69912.789062
70522.585938
68711.523438
67845.210938
70914.859375
70517.859375
71309.882812
68791.625
66338.375
66319.695312
65954.921875
66691.445312
68233.3125
68078.554688
66888.570312
66931.101562
67290.515625
68981.898438
68859.828125
71940.703125
71123.359375
71767.828125
72979.046875
73054.273438
70753.40625
74484.640625
74181.609375
74805.078125
75152.132812
77126.875
75726.210938
73856.351562
75872.523438
76352.773438
78203.101562
78268.953125
77455.3125
77612.015625
78657.539062
77366.625
76350.671875
75776.132812
76304.320312
78179.0
78657.25
78538.226562
79827.90625
80927.054688
81427.53125
80009.992188
80186.765625
80664.367188
82138.929688
81728.296875
80477.492188
79277.117188
81051.25
79065.679688
78131.4375
77429.351562
76954.171875
76750.90625
77457.773438
77539.171875
75488.242188
76673.367188
76981.125
77279.929688
75825.734375
74344.703125
73536.554688
73372.523438
73754.835938
73619.539062
73617.015
73603.895
73601.575
73564.53
73509.485
73538.63
73535.755
73552.015
73570.525
73547.835
73546.255
73540.395
73541.885
73540.585
73552.475
73538.285
73532.065
73540.845
73556.065
73542.755
73546.455
73566.775
73583.065
73582.185
73582.175
73607.805
73605.275
73598.535
73597.52
73593.815
73588.525
73582.545
73530.085
73511.575
73513.675
73512.055
73515.355
73496.305
73503.455
73519.975
73456.66
73451.535
73463.435
73426.555
73443.895
73475.625
73477.805
73512.675
73487.19
73455.785
73412.495
73376.465
73331.595
73306.085
73373.985
73392.455
73421.705
73403.945
73405.865
73390.575
73410.245
73380.895
73369.995
73344.125
73345.165
73351.215
73356.055
73386.505
73380.655
73389.255
73417.565
73433.605
73415.015
73411.915
73423.785
73414.775
73443.755
73438.815
73420.355
73393.975
73405.465
73414.045
73404.705
73419.475
73404.705
73372.055
73401.785
73393.735
73413.115
73426.655
73450.065
73447.735
73447.74
73429.005
73454.015
73456.575
73469.985
73453.675
73454.865
73472.985
73485.945
73490.705
73489.15
73510.615
73527.805
73541.935
73538.565
73546.645
73568.685
73569.965
73588.515
73593.745
73615.345
73588.055
73583.965
73577.445
73585.305
73627.665
73614.005
73636.115
73610.035
73593.755
73582.82
73579.905
73591.225
73593.745
73601.415
73589.055
73595.465
73598.035
73587.995
73601.695
73580.305
73548.625
73506.315
73539.385
73546.645
73546.035
73537.895
73566.015
73527.925
73556.21
73559.535
73566.705
73568.605
73535.315
73532.575
73516.245
73501.665
73513.675
73532.25
73536.705
73536.705
73536.705
73528.855
73550.735
73574.215
73565.995
73574.215
73529.85
73561.015
73579.995
73575.875
73553.895
73557.605
73544.915
73551.995
73548.455
73563.13
73556.925
73556.925
73523.755
73540.295
73504.975
73499.555
73504.005
73480.635
73490.125
73493.795
73507.065
73502.915
73504.815
73507.065
73522.705
73501.995
73507.275
73515.035
73523.995
73520.845
73495.295
73499.075
73503.505
73491.995
73483.47
73490.375
73485.945
73490.385
73495.56
73478.675
73482.455
73504.255
73506.295
73503.305
73510.635
73507.33
73507.955
73490.135
73461.035
73384.675
73379.94
73369.105
73388.625
73417.27
73438.505
73394.795
73383.945
73354.995
73383.2
73364.775
73384.65
73407.985
73417.345
73411.325
73416.205
73415.955
73432.705
73405.565
73410.585
73403.415
73401.995
73401.995
73409.645
73415.185
73426.895
73426.925
73438.515
73440.745
73443.025
73466.575
73455.875
73475.995
73541.985
73520.055
73529.595
73531.55
73491.765
73532.64
73546.695
73581.325
73584.325
73577.235
73562.745
73533.175
73538.185
73585.23
73560.795
73571.425
73576.075
73611.985
73603.045
73627.955
73627.685
73623.57
73575.015
73581.945
73575.905
73583.245
73598.735
73569.145
73588.11
73593.945
73596.825
73572.965
73571.665
73584.205
73589.875
73592.445
73569.185
73581.995
73581.995
73565.25
73568.975
73586.885
73589.855
73584.955
73578.345
73593.725
71294.285
71298.01
71297.155
71289.695
71246.495
71225.085
71184.445
71175.085
71154.105
71162.23
71130.435
71167.995
71210.295
71235.555
71213.745
71367.425
71437.225
71433.225
71426.025
71474.975
71453.995
71438.245
71407.135
71382.175
71424.895
71387.075
71410.485
71452.965
71417.985
71399.675
71347.495
71344.715
71335.825
71275.355
71291.755
71319.555
71309.15
71254.015
71256.875
71289.325
71267.945
71231.095
71200.095
71190.385
71207.225
71188.255
71178.675
71211.045
71162.79
71182.225
71171.98
71153.625
71136.875
71142.965
71119.295
71092.975
71114.395
71107.275
71111.925
71075.28
71079.855
71085.995
71079.415
71103.695
71161.835
71201.705
71179.565
71115.985
71123.985
71160.215
71150.105
71192.935
71099.095
71069.235
71101.885
71104.265
71003.985
71039.985
71076.725
71062.515
71071.555
71090.205
71080.515
71080.515
71080.515
71080.515
71080.515
71080.515
71080.515
71080.515
71159.985
71188.545
71189.355
71200.145
71194.325
71248.595
71188.265
71196.495
71215.935
71190.675
71221.535
71189.4
71158.015
71167.865
71228.635
71259.475
71271.515
71232.375
71216.395
71212.005
71223.275
71196.005
71217.385
71219.955
71182.225
71200.085
71196.515
71161.8
71192.945
71151.695
71128.675
71059.065
70941.26
70957.985
70925.995
70887.955
70823.325
70785.965
70696.03
70739.415
70785.995
70833.975
70805.995
70889.005
70848.985
70821.005
70683.675
70775.245
70810.945
70795.905
66877.665
66926.885
66942.965
