0.039946
0.033073
0.033053
0.028182
0.030656
0.036374
0.037053
0.037234
0.035572
0.036583
0.036566
0.038121
0.037668
0.042299
0.040535
0.040193
0.043639
0.048896
0.059843
0.081415
0.064424
0.072871
0.089883
0.093816
0.089035
0.09761
0.123523
0.151622
0.133046
0.13726
0.135122
0.119263
0.144956
0.156444
0.149342
0.188907
0.195862
0.232125
0.266621
0.276283
0.26431
0.252386
0.2572
0.216717
0.234179
0.22445
0.228511
0.226018
0.229224
0.223544
0.322941
0.323202
0.360756
0.480008
0.564766
0.896227
0.72405
0.662712
0.709945
0.699645
0.629323
0.585653
0.56693
0.558126
0.67796
0.671564
0.630856
0.599271
0.441197
0.477187
0.509523
0.506232
0.534677
0.464117
0.486338
0.486185
0.567014
0.608253
0.633916
0.613061
0.634421
0.589283
0.489648
0.539797
0.456455
0.405075
0.430056
0.377231
0.331192
0.370811
0.342125
0.363565
0.401068
0.406856
0.370005
0.395649
0.410614
0.453888
0.453556
0.455446
0.479075
0.450399
0.452932
0.402289
0.396765
0.366447
0.381985
0.355163
0.357302
0.364579
0.362051
0.333916
0.339314
0.320107
0.350168
0.36193
0.352031
0.337911
0.329103
0.311938
0.311859
0.292661
0.304217
0.291765
0.290193
0.248689
0.240655
0.229991
0.206731
0.220473
0.250226
0.267968
0.254636
0.243212
0.236147
0.235422
0.239952
0.228861
0.216033
0.219251
0.190819
0.188733
0.206778
0.206582
0.224878
0.235691
0.204108
0.19794
0.193317
0.201859
0.206377
0.197333
0.199344
0.212337
0.24212
0.24629
0.250668
0.290722
0.284156
0.300202
0.351544
0.36612
0.391165
0.375663
0.368139
0.372128
0.40067
0.339517
0.387556
0.391085
0.428918
0.458405
0.424659
0.439733
0.439227
0.437379
0.43114
0.430875
0.412944
0.395702
0.386371
0.37797
0.353962
0.314252
0.359937
0.375852
0.36968
0.348445
0.334677
0.313497
0.319488
0.317234
0.33281
0.318115
0.301084
0.280355
0.291338
0.288069
0.284695
0.276376
0.253582
0.282845
0.277747
0.296652
0.290022
0.298413
0.302912
0.292158
0.294313
0.298269
0.294206
0.287963
0.281894
0.247658
0.256482
0.231689
0.221691
0.242426
0.234242
0.234041
0.232105
0.234371
0.235309
0.232188
0.227997
0.203407
0.203515
0.193633
0.197753
0.186484
0.189633
0.178951
0.18671
0.193425
0.198573
0.213151
0.206315
0.209735
0.202978
0.206381
0.20845
0.209783
0.207929
0.191889
0.189504
0.185719
0.204272
0.207877
0.219871
0.237928
0.252967
0.2984
0.302513
0.271492
0.292259
0.283534
0.284384
0.301456
0.331706
0.309552
0.316882
0.315229
0.308399
0.295923
0.278009
0.276268
0.261192
0.258956
0.240724
0.244218
0.234705
0.230672
0.201351
0.221435
0.22543
0.217665
0.223601
0.223559
0.216706
0.216954
0.216032
0.23812
0.224235
0.222723
0.216457
0.214708
0.206896
0.222162
0.219806
0.217795
0.21484
0.225437
0.234745
0.226211
0.220902
0.222076
0.229722
0.224744
0.225325
0.231268
0.207437
0.207484
0.207662
0.194437
0.192781
0.190839
0.201071
0.198293
0.207806
0.201743
0.203202
0.20651
0.196827
0.208417
0.206563
0.231897
0.249211
0.239225
0.281478
0.259048
0.252306
0.244767
0.259216
0.254127
0.253908
0.259599
0.258404
0.248286
0.241136
0.244278
0.245192
0.239771
0.245138
0.249009
0.243915
0.241593
0.207037
0.216032
0.21481
0.210144
0.223001
0.227978
0.240403
0.239452
0.242853
0.244182
0.241724
0.242361
0.242215
0.23776
0.235646
0.234011
0.22876
0.232871
0.222357
0.225093
0.223471
0.222945
0.234244
0.235706
0.241638
0.246529
0.265596
0.256718
0.256043
0.255542
0.26123
0.273605
0.267326
0.257787
0.233043
0.241944
0.23885
0.244927
0.249758
0.224412
0.193193
0.203688
0.187797
0.181211
0.154205
0.159607
0.144795
0.144374
0.162237
0.16508
0.15863
0.166332
0.160301
0.149536
0.147653
0.135936
0.119594
0.115263
0.118993
0.124328
0.118253
0.112835
0.11369
0.1058
0.09774
0.095439
0.096278
0.109693
0.11433
0.114245
0.12655
0.119916
0.12275
0.126585
0.13252
0.121682
0.120607
0.110486
0.121383
0.118036
0.11743
0.112813
0.11593
0.119331
0.113825
0.115361
0.114046
0.120384
0.12322
0.123119
0.123774
0.109879
0.107332
0.106764
0.103609
0.109649
0.105685
0.106891
0.108461
0.106821
0.108304
0.104702
0.10338
0.104103
0.102576
0.10221
0.101741
0.100014
0.096316
0.087904
0.083923
0.085634
0.082631
0.08358
0.08309
0.081347
0.07973
0.077882
0.074387
0.074688
0.081224
0.080808
0.080393
0.077595
0.077616
0.07699
0.076635
0.079276
0.078421
0.079608
0.083691
0.089982
0.091735
0.089091
0.090668
0.094257
0.084234
0.087305
0.0868
0.086195
0.085503
0.085833
0.08446
0.087235
0.083539
0.086299
0.085566
0.085541
0.087246
0.089744
0.100039
0.102263
0.104598
0.108199
0.107272
0.107773
0.109619
0.109385
0.115914
0.113248
0.111403
0.107947
0.108693
0.108281
0.106012
0.102469
0.103379
0.108062
0.10744
0.107572
0.107359
0.107651
0.109615
0.121901
0.121339
0.118788
0.126367
0.124729
0.130303
0.131996
0.125384
0.125462
0.116685
0.114609
0.115898
0.116663
0.113629
0.117505
0.116636
0.117363
0.115737
0.115532
0.112404
0.113495
0.111824
0.103259
0.099075
0.09914
0.099951
0.098736
0.096475
0.099953
0.101351
0.100275
0.102295
0.099677
0.098927
0.097809
0.094926
0.093697
0.090232
0.092452
0.104228
0.098866
0.100416
0.112994
0.137002
0.137283
0.126562
0.128833
0.141485
0.135545
0.134326
0.124257
0.125167
0.125944
0.125821
0.133135
0.136869
0.13896
0.136491
0.130067
0.133664
0.133101
0.137623
0.129983
0.122077
0.121284
0.124382
0.127542
0.126277
0.119915
0.12394
0.122827
0.126446
0.124728
0.12532
0.126742
0.129816
0.131035
0.124565
0.124302
0.121507
0.124048
0.12905
0.127378
0.127749
0.124491
0.122628
0.107494
0.11202
0.114504
0.104345
0.105284
0.10339
0.106724
0.099725
0.099891
0.102875
0.105054
0.105023
0.101834
0.095057
0.087008
0.097963
0.095468
0.086249
0.08649
0.078318
0.080627
0.088882
0.093768
0.095111
0.091202
0.088876
0.084468
0.086002
0.08569
0.087965
0.084323
0.083678
0.083513
0.083562
0.083932
0.083026
0.081989
0.082395
0.08213
0.082619
0.078212
0.078641
0.076857
0.072203
0.07375
0.077841
0.075415
0.074162
0.069183
0.070261
0.068921
0.067888
0.070785
0.071795
0.0702
0.067697
0.066138
0.068925
0.067262
0.071676
0.070189
0.068786
0.066325
0.062954
0.062299
0.062931
0.062469
0.063233
0.063209
0.062178
0.060461
0.058645
0.059404
0.060882
0.059846
0.058373
0.059784
0.058469
0.05694
0.05774
0.058123
0.058621
0.063745
0.083118
0.081387
0.073912
0.071119
0.06892
0.062548
0.054504
0.057019
0.058507
0.0599
0.05866
0.058127
0.06144
0.059103
0.059792
0.058875
0.059095
0.059049
0.059092
0.061397
0.061886
0.063355
0.061946
0.060821
0.059629
0.060136
0.064925
0.064264
0.062401
0.064547
0.063717
0.06309
0.063247
0.063975
0.062811
0.059984
0.060612
0.063761
0.062557
0.064513
0.064778
0.066185
0.064568
0.065215
0.069231
0.071264
0.069091
0.07639
0.082164
0.078435
0.075014
0.071888
0.072812
0.078228
0.079809
0.077072
0.076576
0.07474
0.072335
0.071906
0.072137
0.068304
0.065751
0.065502
0.061683
0.059502
0.060364
0.056881
0.057595
0.058553
0.059057
0.058225
0.059152
0.059641
0.058082
0.056078
0.05598
0.055419
0.055518
0.055028
0.055068
0.056132
0.05445
0.053607
0.052692
0.052721
0.05299
0.051673
0.051398
0.048549
0.044053
0.046013
0.044964
0.046269
0.046277
0.047296
0.044849
0.045083
0.043441
0.045101
0.046086
0.045151
0.046216
0.045954
0.045224
0.045451
0.044112
0.045234
0.046272
0.045359
0.049124
0.049838
0.048717
0.046458
0.046402
0.047547
0.048319
0.048122
0.052115
0.054789
0.053748
0.060052
0.061155
0.060044
0.062044
0.06242
0.059889
0.059238
0.057303
0.056039
0.058572
0.059645
0.060303
0.061739
0.061207
0.061554
0.06047
0.063367
0.064061
0.066291
0.068733
0.07054
0.071625
0.070853
0.072821
0.070855
0.073741
0.08004
0.082655
0.085796
0.079246
0.075079
0.071851
0.074642
0.07072
0.071169
0.071953
0.06939
0.073645
0.06938
0.065325
0.059303
0.060011
0.058305
0.057456
0.056252
0.059206
0.058352
0.058593
0.059758
0.061181
0.058409
0.050744
0.05192
0.051989
0.050387
0.033441
0.039531
0.037297
0.038282
0.035161
0.03682
0.035979
0.041494
0.039919
0.039616
0.037198
0.03926
0.040305
0.040579
0.042538
0.041172
0.039956
0.038129
0.040209
0.040846
0.040816
0.041303
0.041571
0.041943
0.043488
0.049474
0.048317
0.050983
0.052039
0.047788
0.049551
0.049441
0.048339
0.048215
0.046409
0.049125
0.04907
0.050501
0.049209
0.049997
0.051222
0.054812
0.061737
0.061612
0.062153
0.0625
0.067367
0.069021
0.07235
0.067697
0.073222
0.07545
0.073106
0.073738
0.072445
0.071195
0.072321
0.073143
0.071971
0.064317
0.062793
0.069905
0.069796
0.069082
0.067406
0.06811
0.0691
0.070095
0.069389
0.070992
0.066699
0.068167
0.067608
0.06486
0.066098
0.065144
0.066252
0.068865
0.067876
0.072436
0.070627
0.075518
0.079284
0.082632
0.082476
0.079518
0.079883
0.079
0.08001
0.078576
0.078657
0.071485
0.073029
0.074296
0.071414
0.07111
0.071247
0.071893
0.070937
0.069271
0.069921
0.068757
0.071872
0.071219
0.069173
0.067831
0.067097
0.063189
0.064378
0.065264
0.067068
0.068488
0.068406
0.067249
0.067867
0.067177
0.071863
0.073268
0.085003
0.090588
0.088913
0.094331
0.095002
0.090291
0.092108
0.094042
0.100669
0.103919
0.100691
0.099877
0.094679
0.096224
0.097224
0.097764
0.095563
0.100179
0.098732
0.094541
0.097002
0.095288
0.096643
0.096931
0.106995
0.10255
0.105059
0.109971
0.107935
0.106432
0.103121
0.10296
0.105086
0.105994
0.100932
0.102179
0.102137
0.104972
0.106799
0.114619
0.113654
0.10877
0.102548
0.107175
0.100438
0.102462
0.10305
0.103502
0.098112
0.098418
0.093917
0.095819
0.096737
0.098247
0.097311
0.099379
0.09265
0.079447
0.081452
0.075512
0.077862
0.078691
0.077537
0.078626
0.081324
0.083808
0.084105
0.080061
0.080452
0.078256
0.080199
0.080424
0.078461
0.07898
0.077406
0.070703
0.071987
0.067574
0.07037
0.074459
0.073963
0.073336
0.07354
0.07414
0.074824
0.073172
0.071097
0.071157
0.072955
0.073419
0.072501
0.072301
0.073095
0.075144
0.077373
0.077229
0.077683
0.076345
0.074283
0.074041
0.078702
0.081916
0.079551
0.085249
0.080906
0.08378
0.08528
0.083795
0.085437
0.083143
0.080907
0.081809
0.078592
0.077453
0.076763
0.077673
0.078478
0.07566
0.075311
0.074593
0.080175
0.083874
0.079614
0.081538
0.079677
0.079828
0.080692
0.080666
0.082318
0.081158
0.080294
0.081896
0.086075
0.083615
0.083906
0.088307
0.108405
0.103526
0.130599
0.19548
0.195202
0.167548
0.206409
0.200203
0.194224
0.202093
0.184425
0.185151
0.184304
0.162855
0.171718
0.17563
0.16846
0.152803
0.172224
0.161102
0.15118
0.15895
0.174852
0.169762
0.166557
0.191401
0.185935
0.185127
0.181837
0.176979
0.166357
0.162185
0.126471
0.15962
0.152587
0.147047
0.144973
0.144375
0.138815
0.131913
0.12837
0.132408
0.12782
0.136423
0.16518
0.194823
0.340793
0.315797
0.302836
0.311935
0.288749
0.272238
0.281743
0.304022
0.30262
0.284941
0.292019
0.303566
0.303611
0.299405
0.294351
0.252603
0.270501
0.269755
0.271556
0.262179
0.261567
0.23907
0.292241
0.294674
0.324866
0.305702
0.321835
0.33662
0.342151
0.325229
0.349607
0.3763
0.383473
0.395606
0.396737
0.412419
0.452912
0.527843
0.559948
0.517644
0.493762
0.48661
0.497002
0.497508
0.513602
0.488006
0.498768
0.466957
0.38653
0.40724
0.381269
0.400678
0.441458
0.406651
0.430318
0.419565
0.422105
0.413222
0.40617
0.40331
0.412844
0.417532
0.43265
0.410769
0.4059
0.387871
0.408264
0.391533
0.385499
0.395747
0.404744
0.397609
0.398328
0.417488
0.404999
0.39674
0.400086
0.368639
0.3659
0.387505
0.384722
0.399341
0.407883
0.405941
0.410898
0.432512
0.446585
0.418054
0.437807
0.536367
0.542744
0.47328
0.506816
0.486387
0.561829
0.58881
0.590592
0.655356
0.636735
0.64104
0.613263
0.599255
0.544734
0.501234
0.52795
0.492088
0.450346
0.450892
0.425746
0.416438
0.48561
0.509479
0.497349
0.491797
0.529526
0.539802
0.559492
0.552142
0.503323
0.603429
0.651032
0.630377
0.616551
0.628589
0.659579
0.729996
0.588705
0.644151
0.668042
0.676241
0.714302
0.645601
0.647115
0.450427
0.49759
0.419355
0.389953
0.367805
0.439702
0.428813
0.444674
0.418591
0.398792
0.367157
0.375688
0.403407
0.41771
0.41901
0.425343
0.385039
0.37538
0.381255
0.346232
0.350567
0.364291
0.33921
0.318661
0.328297
0.34473
0.348302
0.343814
0.317373
0.317561
0.297656
0.290799
0.29763
0.236667
0.23463
0.257175
0.267769
0.242594
0.249309
0.258648
0.263508
0.280818
0.282978
0.269746
0.263427
0.264324
0.268128
0.254456
0.26019
0.25694
0.243421
0.245802
0.245317
0.246157
0.239254
0.23274
0.240116
0.240983
0.236423
0.233002
0.230738
0.211523
0.212394
0.227836
0.2636
0.269459
0.267686
0.261742
0.261479
0.263124
0.268934
0.272297
0.279421
0.285697
0.276177
0.274609
0.274168
0.280368
0.280418
0.284749
0.306259
0.287336
0.299188
0.310017
0.337858
0.327339
0.360085
0.395049
0.391609
0.373215
0.34165
0.342858
0.367096
0.38529
0.371779
0.373109
0.378704
0.350754
0.358504
0.336314
0.357219
0.347854
0.343741
0.329315
0.340768
0.353844
0.360593
0.368903
0.370301
0.397391
0.423432
0.334287
0.329539
0.332299
0.317452
0.325279
0.333156
0.319279
0.331089
0.341475
0.330612
0.319551
0.322502
0.314183
0.280928
0.266322
0.293306
0.303221
0.281742
0.277578
0.276165
0.265834
0.25674
0.270254
0.278811
0.300391
0.316975
0.315097
0.309655
0.319084
0.354442
0.344107
0.335812
0.352869
0.332517
0.344556
0.333141
0.367663
0.369326
0.361434
0.396103
0.382657
0.379837
0.373924
0.390977
0.372622
0.372135
0.378667
0.372843
0.386804
0.373433
0.330756
0.342805
0.361649
0.358615
0.372851
0.366552
0.38182
0.384967
0.369684
0.359996
0.359171
0.363434
0.377614
0.412149
0.385255
0.392075
0.379479
0.378916
0.377429
0.375941
0.344057
0.346396
0.328156
0.354021
0.348732
0.34416
0.33661
0.340725
0.333267
0.331961
0.32793
0.326569
0.32364
0.328523
0.336164
0.32788
0.33831
0.326173
0.289158
0.280545
0.29604
0.287184
0.306181
0.274055
0.261203
0.274646
0.27626
0.253125
0.260656
0.272988
0.25587
0.255147
0.255201
0.253265
0.257717
0.267563
0.267239
0.287203
0.278552
0.289153
0.29147
0.298911
0.274574
0.266442
0.268325
0.267394
0.276335
0.291703
0.290181
0.279667
0.26728
0.268084
0.256958
0.256074
0.261274
0.253108
0.262732
0.282609
0.269965
0.26634
0.259943
0.258767
0.256248
0.254431
0.246515
0.231637
0.202986
0.192018
0.200592
0.197654
0.196812
0.197134
0.193837
0.198722
0.202729
0.19551
0.199834
0.201845
0.192962
0.194268
0.208888
0.213393
0.223683
0.239291
0.242804
0.238783
0.232421
0.215552
0.218199
0.211621
0.211046
0.221068
0.219271
0.202432
0.201102
0.204239
0.194932
0.17882
0.185876
0.182003
0.182506
0.190697
0.19278
0.181268
0.196887
0.198532
0.193496
0.187919
0.175933
0.1801
0.173367
0.170453
0.172986
0.189024
0.179038
0.183906
0.185288
0.177228
0.180128
0.182546
0.189273
0.189673
0.193042
0.200005
0.196991
0.203888
0.20715
0.209475
0.214769
0.211565
0.215464
0.229787
0.230426
0.233362
0.234819
0.228277
0.232532
0.233309
0.237047
0.232143
0.225322
0.203398
0.212935
0.201727
0.205018
0.201839
0.18679
0.192617
0.196537
0.19388
0.2042
0.205609
0.19738
0.205095
0.204034
0.200422
0.196462
0.195614
0.191991
0.189897
0.192211
0.180343
0.18437
0.185693
0.17792
0.169379
0.17599
0.173706
0.172107
0.184571
0.171264
0.171294
0.167653
0.161738
0.142974
0.148405
0.125523
0.12093
0.13191
0.138436
0.144843
0.135778
0.141698
0.128766
0.130544
0.126941
0.130632
0.135703
0.129018
0.132841
0.132159
0.124873
0.12029
0.122747
0.13076
0.14336
0.150188
0.137073
0.143208
0.146523
0.143457
0.143696
0.144927
0.140598
0.140156
0.139904
0.133146
0.125104
0.119287
0.10652
0.11292
0.120527
0.108857
0.112083
0.107833
0.114571
0.113179
0.11415
0.113288
0.117992
0.127846
0.126902
0.120219
0.118989
0.114442
0.109812
0.111951
0.109358
0.10865
0.108948
0.111184
0.108071
0.109371
0.113955
0.113324
0.112811
0.107412
0.101433
0.100547
0.105405
0.106985
0.107489
0.10943
0.10651
0.114463
0.118652
0.111962
0.113547
0.111952
0.111609
0.113427
0.106195
0.105461
0.112462
0.116666
0.117783
0.119366
0.117787
0.11858
0.115173
0.114186
0.113912
0.118274
0.121723
0.123686
0.130108
0.122245
0.12573
0.125362
0.126321
0.126679
0.125605
0.123508
0.121952
0.121094
0.115981
0.108142
0.109245
0.111097
0.109572
0.110806
0.109439
0.110354
0.1038
0.105548
0.102853
0.105866
0.102422
0.104276
0.105009
0.104445
0.105282
0.106389
0.105038
0.099963
0.102994
0.10437
0.114394
0.114943
0.11435
0.11387
0.104929
0.105148
0.102075
0.10714
0.113519
0.107261
0.111853
0.117444
0.11101
0.123027
0.123095
0.1182
0.117394
0.113626
0.110326
0.108342
0.115329
0.114431
0.121352
0.118571
0.116947
0.119142
0.118945
0.119433
0.122322
0.126253
0.12884
0.123813
0.115992
0.11639
0.112115
0.112451
0.111889
0.113487
0.114267
0.112434
0.110749
0.110085
0.110925
0.111254
0.111954
0.110319
0.112014
0.113596
0.111246
0.112647
0.113503
0.111219
0.111416
0.109926
0.107638
0.108724
0.115644
0.113605
0.109165
0.109795
0.098977
0.082815
0.097222
0.095244
0.090871
0.088315
0.091114
0.092418
0.089876
0.090411
0.089356
0.090427
0.086578
0.084327
0.087007
0.088578
0.089989
0.089312
0.088168
0.090143
0.087335
0.088641
0.089796
0.08753
0.088107
0.086424
0.087847
0.086875
0.086107
0.084283
0.085573
0.085156
0.085226
0.083918
0.084279
0.083994
0.083014
0.081846
0.074564
0.075778
0.076597
0.073387
0.075997
0.075092
0.075721
0.075367
0.074389
0.073856
0.075192
0.074137
0.071779
0.072032
0.072343
0.071147
0.072524
0.073718
0.073649
0.073836
0.07289
0.075043
0.075658
0.077169
0.079465
0.079554
0.081403
0.081644
0.084582
0.087298
0.088063
0.087777
0.086397
0.082583
0.08439
0.088886
0.090386
0.091036
0.094478
0.090505
0.092464
0.091986
0.092512
0.09276
0.09444
0.089943
0.090747
0.092276
0.091634
0.092809
0.093033
0.090986
0.088859
0.092015
0.090983
0.085526
0.085681
0.086274
0.085066
0.085136
0.08593
0.090156
0.086627
0.090649
0.092106
0.090579
0.094481
0.094843
0.092434
0.091018
0.089113
0.088042
0.088927
0.088374
0.087034
0.088102
0.087452
0.085618
0.083604
0.082753
0.083508
0.082799
0.081789
0.077086
0.078155
0.079395
0.083067
0.084755
0.088436
0.083925
0.084757
0.088094
0.085611
0.08793
0.08652
0.096543
0.090895
0.092551
0.088884
0.090759
0.091962
0.092599
0.097714
0.101889
0.106269
0.112084
0.107759
0.106626
0.106788
0.106167
0.107284
0.105781
0.106461
0.104414
0.104813
0.105728
0.105184
0.104576
0.105448
0.107063
0.106602
0.107454
0.104075
0.105584
0.09769
0.095761
0.093013
0.095593
0.094573
0.09348
0.094916
0.093558
0.094365
0.094749
0.095796
0.094648
0.092637
0.093551
0.093587
0.093479
0.094385
0.092587
0.092046
0.089519
0.089121
0.089129
0.089505
0.089109
0.088337
0.088723
0.088083
0.087902
0.088579
0.08874
0.089204
0.088848
0.088127
0.088141
0.088147
0.08651
0.087027
0.087831
0.088136
0.088698
0.089315
0.090843
0.092578
0.091087
0.092045
0.091992
0.091388
0.087906
0.089685
0.087353
0.08715
0.08899
0.082332
0.083514
0.08309
0.082531
0.079251
0.076317
0.077406
0.079668
0.079498
0.079969
0.082864
0.086795
0.086697
0.089468
0.090525
0.091646
0.092124
0.102135
0.100411
0.102364
0.110695
0.107416
0.107294
0.105735
0.103432
0.1006
0.096001
0.097217
0.099533
0.099011
0.099888
0.098599
0.096262
0.154879
0.134913
0.127876
0.13168
0.12895
0.132937
0.155985
0.163288
0.157085
0.155784
0.15608
0.145777
0.145178
0.155825
0.159057
0.159915
0.158589
0.156685
0.150364
0.153345
0.14403
0.13916
0.136445
0.13905
0.13913
0.142977
0.143135
0.141496
0.138843
0.13949
0.13785
0.137899
0.136074
0.130259
0.126584
0.113422
0.11676
0.123631
0.129835
0.124802
0.120735
0.127376
0.123766
0.123859
0.121148
0.120899
0.119868
0.124309
0.120416
0.114985
0.114038
0.113505
0.119062
0.124374
0.122416
0.123933
0.125485
0.126877
0.131643
0.133723
0.128406
0.121348
0.120807
0.120206
0.120349
0.11936
0.116177
0.118053
0.118477
0.116972
0.113848
0.114459
0.114212
0.112262
0.112996
0.111845
0.112484
0.114191
0.11284
0.112331
0.114388
0.111725
0.114433
0.112555
0.110725
0.111784
0.111167
0.110755
0.10602
0.104322
0.103293
0.102432
0.102925
0.104301
0.106294
0.107661
0.103107
0.103276
0.107359
0.107594
0.110707
0.110689
0.115866
0.114321
0.114307
0.113141
0.1121
0.11402
0.115786
0.119046
0.121278
0.122462
0.119787
0.122536
0.1236
0.125898
0.131038
0.126695
0.12791
0.122959
0.123873
0.124922
0.1242
0.122407
0.117954
0.121672
0.118542
0.118161
0.119219
0.121157
0.119766
0.113824
0.118131
0.11724
0.11801
0.120958
0.120006
0.116519
0.118415
0.118582
0.118312
0.119794
0.121633
0.122032
0.122227
0.122446
0.12544
0.126174
0.132325
0.133692
0.132986
0.123493
0.123081
0.124896
0.127504
0.122939
0.124701
0.122233
0.121162
0.11956
0.121742
0.124387
0.126645
0.126689
0.126129
0.131036
0.126002
0.130853
0.132362
0.129619
0.132611
0.128959
0.131905
0.129287
0.120552
0.121644
0.119129
0.120142
0.115231
0.119616
0.11633
0.120606
0.123611
0.119107
0.120183
0.118115
0.118201
0.11854
0.118748
0.114178
0.113907
0.11537
0.115513
0.112537
0.111576
0.112641
0.11176
0.115793
0.116254
0.113758
0.116446
0.112741
0.10989
0.109868
0.11036
0.110989
0.109312
0.108417
0.108151
0.10909
0.109869
0.112034
0.111636
0.111152
0.113226
0.111053
0.114416
0.116747
0.115528
0.114195
0.115867
0.118485
0.11769
0.114344
0.115258
0.114861
0.116447
0.116442
0.117967
0.122972
0.121081
0.121939
0.127149
0.138349
0.135632
0.145875
0.132399
0.13816
0.142191
0.14197
0.142529
0.139843
0.156989
0.149393
0.150865
0.144547
0.136819
0.129272
0.132156
0.135319
0.120772
0.130916
0.133213
0.128072
0.132845
0.135005
0.136683
0.138183
0.13377
0.138054
0.142863
0.139276
0.141118
0.1357
0.128661
0.126401
0.128888
0.127532
0.129241
0.129339
0.133355
0.132163
0.129653
0.1303
0.115299
0.105686
0.110763
0.107625
0.109606
0.107553
0.11051
0.111856
0.115907
0.113855
0.118228
0.117409
0.114468
0.113749
0.114006
0.114392
0.112286
0.112088
0.107715
0.111035
0.11036
0.111782
0.111008
0.110962
0.109849
0.108087
0.107393
0.10845
0.106347
0.105829
0.104656
0.10394
0.10185
0.1068
0.106693
0.10881
0.10812
0.105598
0.112272
0.112237
0.110612
0.10908
0.110216
0.110912
0.108686
0.11045
0.107786
0.106592
0.106778
0.106363
0.106318
0.105198
0.105327
0.106429
0.106972
0.105282
0.100261
0.098274
0.099815
0.099969
0.096749
0.100109
0.097481
0.096774
0.098237
0.098995
0.096912
0.091372
0.093305
0.093913
0.092031
0.090841
0.089547
0.089236
0.091838
0.090139
0.091375
0.090915
0.090014
0.091088
0.091451
0.093506
0.090319
0.087133
0.085522
0.090572
0.08389
0.085496
0.087955
0.087537
0.088775
0.091359
0.102444
0.104649
0.104879
0.106928
0.109941
0.103201
0.105381
0.105326
0.105309
0.103493
0.100995
0.10295
0.102207
0.103162
0.101533
0.100243
0.099187
0.10249
0.100642
0.099342
0.09551
0.093412
0.08819
0.088085
0.092464
0.101395
0.103101
0.099991
0.101325
0.097884
0.098875
0.099319
0.096711
0.095626
0.094858
0.095593
0.09352
0.096184
0.097746
0.098567
0.099016
0.101856
0.102577
0.10096
0.097122
0.093885
0.092872
0.093123
0.093271
0.092559
0.090048
0.09239
0.091471
0.091676
0.090277
0.088132
0.088619
0.08995
0.093136
0.09404
0.092773
0.094941
0.09643
0.097193
0.095192
0.094981
0.094604
0.095926
0.09602
0.096198
0.09809
0.096049
0.096333
0.096833
0.09597
0.097997
0.099459
0.099558
0.101705
0.098524
0.093797
0.090675
0.090295
0.091815
0.092061
0.092455
0.091237
0.089906
0.089788
0.090017
0.091624
0.091824
0.090328
0.093267
0.092915
0.095461
0.095007
0.09665
0.09707
0.097195
0.095451
0.095133
0.094361
0.096652
0.093353
0.094147
0.09418
0.094241
0.096635
0.094876
0.092449
0.093088
0.092637
0.090665
0.091111
0.09347
0.09712
0.102052
0.101295
0.102185
0.108472
0.114454
0.134954
0.124325
0.13086
0.146257
0.218641
0.196416
0.232651
0.232009
0.247519
0.263254
0.341066
0.515391
0.537421
0.483133
0.439764
0.482505
0.497383
0.547136
0.524134
0.569388
0.536644
0.509332
0.490277
0.473829
0.495996
0.505264
0.494352
0.412117
0.436586
0.436078
0.425342
0.43765
0.424437
0.430128
0.419209
0.428849
0.395836
0.370599
0.374432
0.356309
0.355939
0.369925
0.401974
0.382824
0.354258
0.349264
0.355666
0.337898
0.331735
0.331659
0.423776
0.432906
0.448434
0.450722
0.44069
0.445825
0.418047
0.425769
0.391487
0.414766
0.445893
0.422581
0.41958
0.430101
0.489317
0.482309
0.488437
0.490951
0.43289
0.446505
0.441655
0.428029
0.43184
0.430923
0.417048
0.406779
0.407077
0.393682
0.392732
0.430017
0.414086
0.393309
0.353957
0.370434
0.341603
0.327313
0.318473
0.326953
0.331988
0.314584
0.312905
0.318414
0.332971
0.337619
0.350943
0.34902
0.342607
0.333722
0.323185
0.342273
0.344727
0.325775
0.334592
0.333506
0.297972
0.295273
0.285488
0.283121
0.286358
0.311853
0.350442
0.292123
0.295026
0.29977
0.296444
0.28328
0.27575
0.262767
0.242302
0.255025
0.259589
0.27326
0.276367
0.27478
0.263258
0.273153
0.273183
0.29071
0.281143
0.276737
0.274046
0.282918
0.29026
0.293873
0.285788
0.286146
0.274389
0.267554
0.266737
0.263988
0.272243
0.258634
0.260832
0.259479
0.252327
0.226122
0.232172
0.221007
0.24217
0.230218
0.233983
0.246223
0.23832
0.239885
0.23571
0.235564
0.239234
0.240005
0.246319
0.243577
0.250163
0.265532
0.266409
0.280669
0.283728
0.290949
0.284496
0.282723
0.27813
0.27123
0.27366
0.274889
0.269435
0.265643
0.258661
0.262573
0.260213
0.290348
0.295398
0.320624
0.306089
0.31276
0.314723
0.30399
0.292492
0.293357
0.286386
0.292782
0.286704
0.287553
0.293441
0.304013
0.285009
0.286151
0.287721
0.285775
0.287271
0.285156
0.278837
0.265091
0.264243
0.267322
0.271941
0.272946
0.266817
0.257459
0.263081
0.264906
0.267651
0.275016
0.280241
0.277022
0.26777
0.260919
0.256508
0.25891
0.261721
0.252415
0.252057
0.249664
0.242034
0.236754
0.228548
0.246221
0.248699
0.241492
0.234203
0.236957
0.238962
0.240506
0.238248
0.225539
0.238181
0.242719
0.237761
0.23821
0.250162
0.248519
0.259568
0.287615
0.302743
0.359702
0.391719
0.472073
0.463649
0.451931
0.453715
0.498395
0.459222
0.461576
0.463234
0.473291
0.472158
0.427752
0.42431
0.431489
0.435601
0.444493
0.417344
0.420957
0.407583
0.401511
0.382783
0.367157
0.399207
0.413959
0.396223
0.400519
0.438597
0.449546
0.446918
0.444526
0.431059
0.449185
0.452621
0.423721
0.429979
0.426951
0.424836
0.414532
0.390233
0.404383
0.391118
0.424762
0.416336
0.407576
0.384749
0.395052
0.378569
0.381913
0.361311
0.360168
0.352794
0.356555
0.367477
0.362188
0.352227
0.359834
0.356054
0.361589
0.377811
0.371811
0.383337
0.395799
0.404945
0.40525
0.390111
0.380795
0.38412
0.395112
0.396424
0.38812
0.386679
0.380429
0.368633
0.364951
0.37523
0.350182
0.36221
0.361146
0.367742
0.371463
0.364168
0.398008
0.408361
0.406719
0.394071
0.396011
0.408662
0.384383
0.388485
0.37977
0.318309
0.323128
0.342208
0.351526
0.337558
0.324705
0.311921
0.308632
0.314572
0.317793
0.325152
0.31502
0.307844
0.311523
0.319341
0.324828
0.33067
0.322962
0.31858
0.315985
0.298615
0.304942
0.305096
0.305104
0.278231
0.270328
0.280418
0.269384
0.291552
0.283368
0.285718
0.300479
0.281607
0.277519
0.269069
0.259405
0.259489
0.254166
0.246814
0.256075
0.2461
0.23679
0.231551
0.230294
0.24703
0.254841
0.2519
0.258838
0.255588
0.253486
0.254277
0.248718
0.233966
0.254753
0.258698
0.25202
0.240047
0.239691
0.237057
0.240859
0.253488
0.250333
0.246154
0.238633
0.237993
0.22929
0.22049
0.219545
0.210244
0.206946
0.219276
0.21821
0.216466
0.220412
0.217127
0.212205
0.209704
0.213409
0.220622
0.220068
0.21594
0.210504
0.200651
0.208512
0.218848
0.222008
0.232537
0.252958
0.244017
0.234008
0.230192
0.227919
0.226188
0.224186
0.219227
0.238192
0.236244
0.228289
0.22617
0.230564
0.218191
0.215518
0.207115
0.212266
0.211361
0.211997
0.211483
0.203039
0.20724
0.208278
0.21018
0.198569
0.191551
0.180838
0.174979
0.178707
0.175198
0.171044
0.146701
0.163995
0.161877
0.161642
0.159504
0.158379
0.154492
0.156265
0.164608
0.174555
0.17032
0.169682
0.165638
0.161335
0.158758
0.162672
0.161061
0.154922
0.151259
0.149756
0.162551
0.162128
0.158879
0.159225
0.154216
0.155637
0.151518
0.159607
0.156758
0.152247
0.150401
0.148381
0.150654
0.158575
0.159201
0.160233
0.163948
0.166559
0.169149
0.176206
0.173739
0.170015
0.165358
0.165519
0.162072
0.155912
0.166846
0.173772
0.177429
0.173888
0.167344
0.167867
0.164481
0.167303
0.167265
0.169253
0.163015
0.162933
0.161927
0.16257
0.155693
0.163616
0.157809
0.154554
0.155177
0.153628
0.150436
0.156273
0.154802
0.157777
0.16912
0.174413
0.170518
0.166713
0.173657
0.179046
0.17672
0.17544
0.173104
0.169772
0.170916
0.166139
0.161844
0.159579
0.158355
0.159526
0.159912
0.157955
0.157476
0.159874
0.161533
0.157998
0.163314
0.162593
0.169473
0.168626
0.162391
0.158898
0.162194
0.154635
0.151783
0.149235
0.147098
0.143485
0.143638
0.146462
0.143417
0.147963
0.147495
0.149738
0.147444
0.163854
0.203494
0.261542
0.228917
0.251975
0.251857
0.2518625
0.251508
0.250595
0.2488295
0.2502005
0.2513995
0.2508755
0.2500885
0.2480185
0.2469265
0.24664
0.2472375
0.2475955
0.247697
0.24769
0.247381
0.247122
0.246725
0.2449275
0.2451335
0.244347
0.2457995
0.246605
0.2466995
0.247795
0.2474705
0.2466855
0.2472265
0.2457205
0.245236
0.2446975
0.2453255
0.245465
0.247228
0.2482495
0.2486755
0.2482745
0.248693
0.2491915
0.2490745
0.2504435
0.2506075
0.251005
0.2508535
0.250421
0.250182
0.249965
0.2501285
0.250613
0.2503795
0.2507045
0.24802
0.2480115
0.24797
0.2488245
0.249151
0.2487745
0.2485045
0.247818
0.247923
0.247852
0.247099
0.2467825
0.246805
0.246494
0.245334
0.2459745
0.246016
0.2459005
0.2459645
0.2452335
0.246108
0.245776
0.2465795
0.2462
0.2465375
0.2470865
0.2475155
0.2468655
0.2466095
0.245952
0.2452485
0.245761
0.2454365
0.2454455
0.2462235
0.2461065
0.2459005
0.2459505
0.245036
0.2451795
0.244775
0.244866
0.2455285
0.2469755
0.2465025
0.2461535
0.2463775
0.2467755
0.2469495
0.246896
0.246347
0.2466325
0.2467245
0.2465055
0.246414
0.2468645
0.246463
0.2465885
0.2473365
0.2473885
0.247672
0.2476745
0.247451
0.2473515
0.2466005
0.246436
0.2464355
0.247151
0.2481135
0.2491485
0.248438
0.2488795
0.248928
0.2488515
0.24924
0.248764
0.2486575
0.2490115
0.2479865
0.247909
0.2482825
0.2473015
0.247485
0.247997
0.248225
0.248559
0.2487885
0.249536
0.248459
0.2476185
0.247812
0.2474265
0.247216
0.247069
0.24586
0.2460795
0.2459735
0.246428
0.2461415
0.2457355
0.245907
0.2459835
0.2460495
0.246122
0.246028
0.2457475
0.2460295
0.2449975
0.2455635
0.246656
0.2470535
0.2468205
0.2467815
0.2465835
0.2466095
0.2467755
0.246173
0.246293
0.2468905
0.247673
0.248791
0.248991
0.24884
0.2490995
0.2484125
0.2490315
0.2492505
0.2495165
0.2499645
0.249766
0.250601
0.2503255
0.250096
0.249973
0.250686
0.250174
0.2491005
0.248057
0.246813
0.246575
0.247076
0.2464845
0.2466935
0.246905
0.2465765
0.246831
0.245587
0.2461085
0.246278
0.2454295
0.245887
0.246012
0.2458255
0.2460365
0.2453815
0.245204
0.2451505
0.2451495
0.2452475
0.2454615
0.246431
0.245916
0.244618
0.2448535
0.243689
0.24403
0.24376
0.2448995
0.2446385
0.2442355
0.2444235
0.2443865
0.24453
0.2449515
0.2449845
0.2452585
0.2461185
0.245674
0.2455765
0.2454255
0.2454295
0.2450185
0.2452795
0.2452925
0.2450255
0.244525
0.2440505
0.2430685
0.2433285
0.244093
0.244309
0.243767
0.243327
0.2430085
0.244195
0.244687
0.2443635
0.244613
0.243888
0.2424255
0.2431265
0.243394
0.2441705
0.244287
0.2442405
0.2441645
0.244533
0.2442255
0.244703
0.244511
0.2450865
0.245093
0.2453405
0.2460095
0.245729
0.245014
0.245185
0.245394
0.2462585
0.2465735
0.246431
0.2461505
0.246509
0.2465755
0.246299
0.2459225
0.2460525
0.246171
0.2459
0.2467745
0.2479145
0.2477735
0.2478085
0.24778
0.2474635
0.244931
0.245651
0.2459135
0.246203
0.24621
0.245536
0.2459975
0.244995
0.244487
0.2444265
0.2439095
0.2438735
0.244056
0.2445875
0.2446475
0.245981
0.2464265
0.2467055
0.246212
0.2460105
0.245793
0.2455845
0.2447815
0.2444015
0.2442305
0.2437285
0.243158
0.243473
0.2430415
0.2429355
0.242153
0.2417015
0.2419385
0.242032
0.242102
0.242256
0.2427425
0.2425265
0.2427145
0.242423
0.242196
0.2426625
0.241983
0.2412925
0.241191
0.2413465
0.241296
0.2415055
0.2414575
0.2417105
0.2411795
0.241652
0.2414795
0.2416635
0.2405085
0.240507
0.2386885
0.2380345
0.2375335
0.2385315
0.239579
0.2400855
0.2393575
0.239085
0.239747
0.240808
0.242203
0.242458
0.2427495
0.2429205
0.2424945
0.2421155
0.2416625
0.240933
0.2409745
0.241178
0.240525
0.239758
0.239875
0.2395
0.23952
0.2394715
0.239703
0.239703
0.239703
0.239703
0.239703
0.239703
0.239703
0.239703
0.2379005
0.2379745
0.2374995
0.237846
0.237156
0.237138
0.235478
0.235983
0.236369
0.236323
0.235703
0.235384
0.2357045
0.2355505
0.236731
0.2370845
0.236889
0.2366745
0.2361985
0.2363655
0.23705
0.2379745
0.237516
0.23704
0.2385065
0.23764
0.237121
0.236397
0.2368845
0.2360345
0.2361345
0.236094
0.2357925
0.2363715
0.236675
0.235774
0.236673
0.236845
0.2363115
0.2366295
0.236642
0.23595
0.235449
0.2362495
0.2360935
0.236133
0.2356605
0.235336
0.2350495
0.235174
0.2245865
0.2262625
0.2256515
