0.097917
0.086458
0.085417
0.081771
0.071354
0.069792
0.075
0.079167
0.076563
0.07526
0.075
0.075521
0.073958
0.070833
0.077083
0.082813
0.084375
0.079167
0.077083
0.080208
0.079167
0.078646
0.07526
0.075521
0.075521
0.076302
0.075
0.075521
0.075521
0.075521
0.074479
0.077083
0.075781
0.079427
0.095573
0.1
0.115104
0.116146
0.128125
0.114583
0.106771
0.121875
0.116667
0.110938
0.107813
0.109115
0.106771
0.114583
0.113021
0.111458
0.116146
0.123958
0.122396
0.119792
0.120833
0.115625
0.110417
0.1125
0.108854
0.114583
0.116406
0.109896
0.109896
0.107813
0.105729
0.102083
0.108333
0.108333
0.105729
0.10625
0.110938
0.117188
0.115885
0.11875
0.116927
0.117708
0.116667
0.127604
0.125
0.15
0.161979
0.165104
0.157813
0.184375
0.154688
0.167708
0.170313
0.164583
0.197396
0.225
0.23125
0.21875
0.203906
0.208333
0.202083
0.216927
0.201042
0.200521
0.200781
0.20625
0.202865
0.20026
0.1875
0.195052
0.2
0.198958
0.196094
0.18125
0.18125
0.191146
0.221354
0.226042
0.225
0.251302
0.213542
0.247396
0.269531
0.25625
0.254167
0.253646
0.247917
0.24375
0.233073
0.223958
0.210417
0.197396
0.188542
0.192969
0.208333
0.21875
0.220833
0.225521
0.229167
0.224479
0.211458
0.210156
0.213021
0.20625
0.213542
0.211719
0.218229
0.225
0.229688
0.235417
0.234375
0.225521
0.234375
0.227083
0.229167
0.222917
0.219531
0.214583
0.225
0.234896
0.23125
0.230208
0.226042
0.2375
0.242448
0.251042
0.247917
0.2375
0.241927
0.239063
0.230729
0.213021
0.215104
0.232292
0.24375
0.247656
0.239583
0.247656
0.253646
0.256771
0.246875
0.240625
0.2375
0.238542
0.247917
0.245833
0.259896
0.257552
0.253125
0.246875
0.245313
0.242708
0.265104
0.264583
0.263021
0.259375
0.257292
0.253646
0.261458
0.263542
0.270313
0.270313
0.274479
0.303125
0.320833
0.317708
0.298958
0.30599
0.3125
0.319792
0.347917
0.346289
0.331771
0.327083
0.327865
0.329167
0.332813
0.355469
0.35
0.35
0.349219
0.351042
0.340365
0.344792
0.354167
0.357813
0.35638
0.375521
0.396094
0.3875
0.369271
0.358333
0.369271
0.396875
0.392969
0.404948
0.400521
0.410417
0.395313
0.392708
0.38776
0.363542
0.3375
0.353646
0.344792
0.398438
0.397917
0.382292
0.39375
0.396875
0.390495
0.376563
0.379167
0.384896
0.361979
0.380729
0.386979
0.38151
0.373438
0.366927
0.376563
0.369271
0.369792
0.358333
0.341146
0.360938
0.358073
0.367188
0.356771
0.364063
0.352083
0.365625
0.36875
0.385417
0.427083
0.451042
0.520833
0.508333
0.547917
0.613542
0.658333
0.601042
0.631771
0.678125
0.772396
0.831771
0.825521
0.785417
0.822917
0.83125
0.951042
1.033333
1.1625
1.017708
0.892708
0.879167
0.829167
0.896875
0.958333
0.9375
0.944792
0.998438
1.145833
1.100521
1.116667
1.063542
1.035417
1.046354
0.991146
0.898438
0.947917
0.923958
0.902083
0.915625
0.884896
0.9125
0.966667
1.013542
1.033333
1.086458
1.0625
1.022917
0.997396
1.072396
1.072917
1.076042
1.080729
1.122917
1.096875
1.060417
0.991667
0.882422
0.697917
0.666276
0.732292
0.715625
0.71875
0.76875
0.704167
0.663542
0.633854
0.614063
0.608333
0.704167
0.641667
0.664063
0.7125
0.734896
0.876042
0.851042
0.910417
0.963542
0.942708
0.930208
0.855208
0.91875
0.872526
0.902604
0.778646
0.718229
0.759896
0.776563
0.761458
0.779167
0.808854
0.828646
0.88125
0.889583
0.916667
0.955729
0.967708
1.011979
0.969271
0.975521
1.054167
1.053646
1.091667
1.050521
1.081771
1.070833
1.038021
1.057292
1.097917
1.055208
1.091667
1.064583
1.052083
1.2375
1.366667
1.277083
1.505208
1.816667
1.7875
1.752604
1.805208
1.6
1.745833
1.6625
1.579167
1.570833
1.591667
1.700521
1.802083
1.776042
1.858333
1.852083
2.022917
2.408333
2.30625
2.389063
2.65625
2.686458
2.708333
2.706771
2.932813
2.769271
2.677083
2.677083
2.957813
3.1125
3.45
3.971875
4.00625
4.615625
4.084375
3.7
3.45
3.509375
3.495313
2.825
2.65
3.075
2.809375
2.877344
3.140625
3.071875
2.923438
2.896875
2.75625
3.14375
2.95
2.896875
2.728125
2.5
2.435938
2.746875
2.6125
2.465625
2.3375
2.2375
2.546875
2.6625
2.879688
2.773438
3.125
3.203125
3.325
3.032813
3.0875
3.003125
3.0375
3.054688
3.248438
3.428125
3.371875
3.332813
3.473438
3.345313
3.275
3.460938
3.376563
3.3
2.984375
3.092188
3.496875
3.476563
3.740625
4.117188
4.304688
4.275
4.6625
4.571875
4.395313
4.475
4.571875
4.610938
4.459375
4.2
4.18125
4.75
3.973438
4.3
4.48125
4.751563
5.253125
5.179688
5.146875
4.8375
4.20625
4.301563
3.773438
3.575
3.6625
3.434375
3.409375
3.671875
3.709375
3.573438
3.4
3.309375
3.440625
3.315625
3.489063
3.270313
3.214063
2.9375
2.789063
3.023438
2.864063
2.96875
2.645313
2.803125
2.626563
2.710938
2.934375
2.789063
2.85
2.898438
2.645313
2.3
2.4125
2.792188
2.823438
2.782813
3.0875
2.9375
2.94375
2.840625
2.754688
2.767188
2.901563
3.128125
3.059375
3.101563
3.171875
3.046875
3.134375
3.1375
2.934375
3.153125
3.375
3.489063
3.440625
3.292188
3.003125
3.135938
2.670313
2.864063
2.648438
2.525
2.64375
2.539063
2.501563
2.35
2.371875
2.210938
2.43125
2.239063
2.1375
2.275
2.273438
2.29375
2.435938
2.457813
2.73125
2.828125
2.653125
2.835938
2.959375
3.001563
3.321875
3.214063
3.2125
2.98125
3.109375
2.976563
3.003125
3.121875
3.146875
3.071875
3.18125
3.325
3.165625
3.3
3.278125
3.2625
3.190625
3.1375
3.1125
3.3
3.1125
3.25
3.128125
3.29375
4.0375
3.996875
3.8625
3.853125
3.921875
4.121875
4.365625
4.4625
4.41875
4.246875
3.996875
3.979688
3.753125
3.703125
3.83125
4.025
4.0375
3.93125
4.1375
4.0625
3.796875
3.55
3.53125
3.45625
3.321875
3.290625
3.153125
3.246875
3.9
3.540625
3.6
3.65
3.746875
3.675
3.946875
3.825
3.896875
3.896875
4.025
4.0875
4.3625
4.65625
4.521875
4.253125
4.25
4.453125
4.328125
4.3875
4.303125
4.428125
5.18125
5.334375
5.125
4.78125
4.825
4.74375
4.703125
4.85
4.99375
4.884375
4.5
4.05625
4.115625
4.175
3.953125
3.80625
4.46875
4.096875
3.4875
3.278125
3.478125
3.459375
3.3375
3.178125
3.296875
3.2125
3.20625
3.340625
3.2375
3.103125
3.50625
3.4625
3.240625
3.346875
3.084375
3.228125
3.371875
3.471875
4.209375
3.928125
3.75
4.15625
4.0125
3.809375
3.809375
3.721875
3.690625
3.534375
3.45
3.2375
3.178125
3.521875
3.421875
3.45625
3.2875
3.44375
3.29375
3.128125
3.125
3.196875
3.175
3.18125
3.440625
3.34375
3.265625
3.28125
3.1875
3.3125
3.240625
3.209375
3.61875
3.534375
3.384375
3.634375
3.65625
3.50625
3.3125
3.325
3.35
3.178125
3.196875
3.109375
3.2125
3.378125
3.16875
3.16875
2.81875
2.4
2.34375
2.353125
2.746875
2.671875
2.61875
2.490625
2.621875
2.675
2.64375
2.759375
2.996875
2.80625
2.70625
2.753125
2.925
2.800781
2.8125
2.665625
2.74375
2.6875
2.803125
2.953125
3.05
2.76875
2.63125
2.59375
2.334375
2.428125
2.275
2.325
2.5875
2.415625
2.509375
2.89375
2.725
2.528125
2.590625
2.59375
2.609375
2.421875
2.45
2.321875
2.315625
2.3
2.265625
2.30625
2.303125
2.1
1.69375
1.696875
1.825
1.89375
1.85625
1.815625
1.85
1.825
1.803125
1.80625
1.753125
1.65625
1.753125
1.75
2.13125
2.05625
2.0875
2.04375
2.015625
2.05625
1.9375
1.88125
1.803125
1.56875
1.5
1.50625
1.5125
1.540625
1.575
1.625
1.690625
1.646875
1.54375
1.521875
1.684375
1.74375
1.878125
1.93125
1.9125
1.95
1.875
1.825
1.940625
1.96875
1.996875
1.95625
1.98125
2.146875
2.075
2.075
2.284375
2.29375
2.175
2.146875
2.11875
2.134375
2.121875
2.24375
2.18125
2.140625
2.0375
1.875
2.003125
2.071875
2.01875
1.9875
1.89375
2.0
1.921875
1.79375
1.753125
1.8
1.678125
1.578125
1.503125
1.521875
1.390625
1.25625
1.421875
1.215625
1.096875
1.25625
1.3875
1.540625
1.5
1.478125
1.59375
1.84375
1.78125
1.64375
1.83125
1.86875
1.9875
1.878125
1.828125
1.846875
1.69375
1.5625
1.503125
1.390625
1.446875
1.475
1.390625
1.371875
1.290625
1.2125
1.259375
1.446875
1.4
1.251563
1.346875
1.234375
1.23125
1.328125
1.26875
1.18125
1.06875
1.171875
1.265625
1.29375
1.1875
1.134375
1.14375
0.99375
0.9125
0.834375
0.759375
0.778125
0.846875
0.84375
0.86875
0.778125
0.69375
0.878125
0.775
0.728125
0.746875
0.81875
0.825
0.85
0.884375
0.903125
0.91875
0.975
0.996875
0.925
0.947656
1.09375
0.95
0.975
1.00625
0.946875
0.865625
0.8125
0.71875
0.721875
0.790625
0.75
0.71875
0.66875
0.725
0.6875
0.721875
0.725
0.684375
0.625
0.596875
0.596875
0.590625
0.596875
0.5875
0.509375
0.521875
0.5
0.63125
0.59375
0.6125
0.584375
0.6125
0.53125
0.55
0.53125
0.54375
0.55
0.525
0.5125
0.5
0.509375
0.509375
0.547
0.582
0.54
0.5
0.5115
0.455
0.4315
0.42
0.456
0.4185
0.559
0.6005
0.666
0.7335
0.7015
0.737
0.827
0.7995
0.789
0.81
0.784
0.8045
0.7715
0.7635
0.789
0.8445
0.8555
0.8375
0.878
0.846
0.809
0.7505
0.731
0.734
0.6665
0.677
0.7065
0.739
0.736
0.819
0.8125
0.78
0.8375
0.8545
0.861
0.783
0.8345
0.8475
0.8455
0.822
0.7995
0.8065
0.785
0.743
0.732
0.706
0.6645
0.6245
0.5915
0.568
0.6265
0.654
0.62
0.6405
0.6625
0.702
0.718
0.7075
0.7265
0.7065
0.7635
0.7635
0.7905
0.7805
0.767
0.8245
0.849
0.8005
0.8175
0.798
0.8245
0.849
0.8015
0.603
0.5755
0.6165
0.6125
0.6275
0.6245
0.625
0.6095
0.6075
0.595
0.58
0.5555
0.523
0.4975
0.506
0.5265
0.504
0.4905
0.4995
0.52
0.4945
0.51
0.4815
0.5115
0.5065
0.4985
0.4595
0.4345
0.447
0.4295
0.3825
0.4075
0.4255
0.4315
0.3745
0.3645
0.3655
0.374
0.374
0.373
0.3545
0.3175
0.31
0.2985
0.3005
0.304
0.338
0.352
0.36
0.356
0.3455
0.363
0.3925
0.4035
0.444
0.478
0.446
0.4235
0.4005
0.4385
0.4775
0.382
0.3885
0.378
0.3525
0.321
0.349
0.3475
0.3355
0.3495
0.3525
0.3715
0.3485
0.356
0.3525
0.3645
0.4745
0.4525
0.4475
0.4595
0.43
0.44
0.454
0.6105
0.574
0.5795
0.5575
0.566
0.5245
0.5965
0.588
0.605
0.5855
0.5825
0.612
0.5955
0.5445
0.55
0.5405
0.543
0.5355
0.5075
0.5
0.4915
0.555
0.53
0.545
0.541
0.548
0.595
0.6125
0.617
0.5925
0.5765
0.552
0.5515
0.5055
0.5145
0.4565
0.487
0.508
0.63
0.6235
0.7005
0.722
0.775
0.711
0.695
0.7095
0.6865
0.6265
0.575
0.563
0.562
0.626
0.665
0.645
0.6645
0.694
0.6705
0.6505
0.648
0.663
0.6535
0.6865
0.72
0.7135
0.705
0.7695
0.824
0.7985
0.8165
0.781
0.8175
0.8355
0.8155
0.787
0.724
0.7015
0.7505
0.733
0.725
0.7585
0.7765
0.737
0.7415
0.7125
0.715
0.74
0.7125
0.6835
0.677
0.675
0.6975
0.68
0.674
0.637
0.6655
0.6945
0.7005
0.741
0.713
0.7265
0.7155
0.703
0.8395
0.841
0.8455
0.809
0.8345
0.8245
0.816
0.8025
0.806
0.8055
0.866
0.8865
0.847
0.866
0.9405
0.997
0.9805
0.958
0.9695
0.938
0.9375
0.9725
0.9735
0.953
0.9455
0.9185
0.9115
0.898
0.8985
0.8995
0.9085
0.929
0.865
0.857
0.854
0.8715
0.841
0.9205
0.939
0.915
0.8775
0.8765
0.8755
0.767
0.7925
0.793
0.8125
0.6775
0.666
0.7125
0.7605
0.747
0.78
0.748
0.7775
0.7715
0.797
0.8145
0.808
0.7775
0.7645
0.775
0.7275
0.705
0.6245
0.6465
0.7165
0.7385
0.7225
0.708
0.692
0.6435
0.687
0.68
0.695
0.713
0.723
0.6965
0.6955
0.731
0.745
0.775
0.799
0.769
0.7865
0.7585
0.7465
0.726
0.7285
0.757
0.747
0.73
0.7415
0.7125
0.7655
0.8255
0.8565
0.8555
0.8375
0.8305
0.8355
0.8675
0.8865
0.8605
0.793
0.8025
0.7965
0.7865
0.8575
0.8505
0.7965
0.8475
0.8505
0.8375
0.8275
0.832
0.847
0.843
0.898
0.923
0.96
0.947
0.9745
0.937
0.952
0.963
0.969
0.9875
0.993
0.965
0.9295
0.9285
0.954
0.968
0.99
0.939
0.936
0.967
0.956
0.9755
0.95
0.991
1.0205
1.0605
1.1105
1.121
1.0645
1.145
1.17
1.1995
1.2125
1.17
1.204
1.1675
1.2055
1.187
1.1695
1.129
1.1305
1.084
1.093
1.1065
1.115
1.109
1.1255
1.123
1.105
1.0845
1.0965
1.112
1.094
1.015
0.943
0.9625
0.9445
0.9785
1.026
1.035
1.0775
1.051
1.0725
1.066
1.102
1.137
1.1135
1.09
1.07
1.054
1.0585
1.0895
1.1055
1.089
1.081
1.104
1.091
1.0925
1.108
1.1025
1.1085
1.1045
1.072
1.07
1.039
1.0565
1.003
1.003
1.0695
1.0595
1.068
1.089
1.089
1.094
1.082
1.081
1.1005
1.0905
1.1135
1.121
1.1345
1.1485
1.144
1.139
1.168
1.221
1.2355
1.3275
1.339
1.327
1.3725
1.3965
1.3115
1.345
1.388
1.3885
1.359
1.3015
1.277
1.319
1.3325
1.311
1.341
1.326
1.253
1.2835
1.2875
1.2525
1.2565
1.219
1.2495
1.2625
1.279
1.2715
1.256
1.4485
1.4555
1.4445
1.4345
1.433
1.4715
1.498
1.544
1.535
1.5225
1.548
1.585
1.6475
1.63
1.6315
1.6525
1.578
1.574
1.5875
1.65
1.636
1.7425
1.743
1.7775
1.7945
1.77
1.7615
1.7695
1.776
1.6675
1.684
1.7035
1.7325
1.76
1.7065
1.792
1.792
1.7925
1.775
1.752
1.779
1.77
1.7695
1.836
1.815
1.816
1.8625
1.8925
1.896
1.9525
2.0255
2.025
1.9125
1.8825
1.9635
1.9215
1.884
1.816
1.749
1.7665
1.7435
2.0055
2.0655
2.08
2.104
2.0695
2.033
2.082
2.0015
1.9825
1.9335
1.947
1.9505
1.9575
1.9465
1.9925
2.0105
2.015
2.005
2.151
2.1785
2.188
2.285
2.261
2.2925
2.2965
2.294
2.297
2.316
2.3665
2.3095
2.3645
2.326
2.364
2.334
2.311
2.2595
2.284
2.2755
2.312
2.308
2.3945
2.379
2.3735
2.522
2.4805
2.5025
2.428
2.493
2.4215
2.456
2.5045
2.6445
2.7075
2.7455
2.785
2.893
2.903
2.915
2.9955
2.9275
2.9955
2.9845
2.9795
2.9675
2.7015
2.716
2.7255
2.741
2.8365
2.8345
2.7915
2.7215
2.837
2.843
2.837
2.7495
2.7155
2.599
2.6115
2.7065
2.74
2.6225
2.518
2.425
2.4765
2.4425
2.429
2.5665
2.6235
2.648
2.6985
2.7325
2.6965
2.5755
2.59
2.578
2.554
2.467
2.46
2.54
2.5495
2.5205
2.475
2.379
2.4375
2.462
2.4945
2.624
2.666
2.6735
2.6735
2.6415
2.631
2.595
2.6635
2.6515
2.595
2.512
2.5795
2.6475
2.7455
2.79
2.809
2.786
2.8305
2.81
2.859
2.8555
2.8515
2.787
2.598
2.461
2.52
2.4135
2.247
2.2695
2.302
2.3175
2.293
2.2795
2.357
2.353
2.319
2.2765
2.2435
2.2325
2.2585
2.1985
2.116
2.147
2.1825
2.1505
2.1485
2.1005
2.1585
2.2195
2.2045
2.175
2.1355
2.0775
2.064
2.122
2.054
2.1065
2.14
2.1505
2.14
2.0425
2.0115
1.9815
2.0995
2.085
2.138
2.19
2.164
2.237
2.3045
2.348
2.322
2.2925
2.405
2.398
2.329
2.3395
2.3495
2.275
2.3555
2.26
2.286
2.443
2.3145
2.3625
2.4
2.3485
2.3095
2.18
2.2205
2.1975
2.213
2.157
2.095
2.063
2.135
2.151
2.1805
2.1525
2.104
2.0995
2.0845
2.049
2.0585
2.0815
2.181
2.2345
2.381
2.425
2.5115
2.5175
2.47
2.5475
2.588
2.597
2.512
2.497
2.4625
2.5055
2.5285
2.4885
2.48
2.4885
2.45
2.5405
2.551
2.59
2.6695
2.6855
2.72
2.628
2.6295
2.562
2.55
2.475
2.416
2.4525
2.48
2.475
2.4335
2.355
2.301
2.3495
2.238
2.291
1.999
1.939
1.9555
1.8985
1.929
1.946
1.915
1.8805
1.856
1.7805
1.7745
1.766
1.855
1.828
1.8145
1.8065
1.8975
1.9115
1.968
1.9315
1.9755
1.9725
1.9525
2.015
2.0095
1.995
1.9155
1.907
1.912
1.959
1.937
1.9255
1.9005
1.9035
1.9285
2.0005
2.1335
2.1105
2.1285
2.148
2.1635
2.1645
2.069
2.0915
2.047
1.9965
1.9715
2.042
2.043
2.0235
2.0505
2.048
2.068
2.0575
2.0
2.0075
2.011
1.999
1.955
1.9275
1.9635
1.9165
1.9175
1.9735
1.73
1.6985
1.6915
1.7115
1.7225
1.7065
1.755
1.812
1.796
1.8455
1.828
1.866
1.87
1.9045
1.9415
2.023
2.0445
2.0035
1.995
2.0185
1.9275
1.9025
1.9155
1.9375
1.9545
1.947
1.984
1.999
2.0085
2.0045
1.9745
1.91
1.936
1.991
1.9525
1.9915
2.022
2.05
2.0025
2.0005
1.9475
1.9695
1.976
1.9465
2.1125
2.2315
2.241
2.2485
2.2145
2.226
2.107
2.0885
2.0525
2.116
2.092
2.082
2.115
2.13
2.2275
2.229
2.198
2.118
2.058
2.019
2.047
2.067
2.1155
2.111
2.161
2.124
2.094
1.7875
1.786
1.7845
1.815
1.7945
1.789
1.789
1.8015
1.807
1.783
1.7845
1.7655
1.736
1.707
1.7345
1.7495
1.759
1.7695
1.775
1.7825
1.7925
1.816
1.7915
1.77
1.7455
1.7375
1.73
1.709
1.6935
1.6985
1.708
1.6835
1.6575
1.659
1.644
1.6695
1.6715
1.716
1.7135
1.7005
1.75
1.764
1.741
1.745
1.73
1.73
1.7315
1.715
1.6985
1.651
1.65
1.639
1.6625
1.6865
1.652
1.6765
1.6355
1.586
1.626
1.618
1.655
1.6605
1.698
1.698
1.726
1.732
1.7115
1.691
1.6925
1.695
1.727
1.7365
1.7665
1.7795
1.775
1.784
1.777
1.7625
1.7725
1.775
1.7755
1.825
1.8205
1.7795
1.7885
1.7675
1.7415
1.76
1.7475
1.7435
1.752
1.762
1.779
1.7655
1.7845
1.769
1.761
1.7715
1.751
1.725
1.6855
1.6675
1.6545
1.6455
1.704
1.703
1.698
1.737
1.7795
1.8155
1.8255
1.8595
1.8575
1.8595
1.9085
1.9085
1.8975
1.8975
1.8975
1.887
2.1825
2.284
2.2575
2.2465
2.3255
2.3055
2.273
2.2635
2.283
2.2965
2.238
2.2605
2.21
2.252
2.2135
2.206
2.1865
2.186
2.1885
2.171
2.1185
2.1155
2.1185
2.1395
2.1245
2.135
2.092
2.0755
2.181
2.1865
2.148
2.1475
2.225
2.1965
2.155
2.1355
2.14
2.1375
2.0935
2.0625
2.104
2.1095
2.167
2.158
2.1685
2.2395
2.265
2.3005
2.2465
2.2245
2.2005
2.186
2.188
2.17
2.1275
2.131
2.1895
2.251
2.2325
2.293
2.2505
2.2975
2.3465
2.3085
1.9875
1.953
1.9475
1.993
2.0185
2.0375
2.078
2.0545
2.0695
2.0975
2.07
2.109
2.134
2.1265
2.2225
2.265
2.337
2.399
2.3995
2.4425
2.412
2.403
2.4175
2.4275
2.423
2.45
2.453
2.4415
2.463
2.4415
2.4175
2.437
2.4535
2.475
2.4705
2.474
2.4605
2.4185
2.407
2.4485
2.461
2.461
2.428
2.403
2.3995
2.3575
2.379
2.3625
2.3825
2.3935
2.354
2.2825
2.2465
2.218
2.22
2.2
2.216
2.2225
2.196
2.1865
2.201
2.18
2.234
2.261
2.248
2.241
2.199
2.137
1.9165
1.8975
1.876
1.9085
1.8995
1.926
1.893
1.9125
1.963
1.9575
1.9595
1.9145
1.936
1.895
1.9175
1.9005
1.872
1.856
1.844
1.8605
1.843
1.8465
1.8405
1.806
1.811
1.8095
1.8455
1.8445
1.8385
1.7995
1.8115
1.796
1.8
1.784
1.7735
1.7625
1.7845
1.816
1.8335
1.8265
1.807
1.8385
1.867
1.9255
1.8545
1.8305
1.803
1.8065
1.831
1.7635
1.814
1.8445
1.817
1.8015
1.7895
1.7775
1.7895
1.787
1.7605
1.7295
1.719
1.698
1.7235
1.752
1.7345
1.742
1.708
1.6765
1.6365
1.639
1.638
1.5805
1.6305
1.697
1.7415
1.688
1.7595
1.7815
1.8035
1.732
1.7305
1.7535
1.738
1.6745
1.6705
1.6885
1.6775
1.689
1.68
1.6735
1.684
1.748
1.7545
1.7535
1.774
1.8325
1.8185
1.8275
1.8385
1.824
1.835
1.926
1.934
1.9305
1.8555
1.84
1.8055
1.7895
1.783
1.7315
1.6865
1.646
1.6835
1.6745
1.724
1.709
1.6595
1.7155
1.6795
1.313
1.328
1.3585
1.3445
1.316
1.3045
1.3345
1.3645
1.339
1.318
1.3105
1.3245
1.3035
1.3265
1.3885
1.3975
1.4545
1.456
1.4065
1.4185
1.407
1.3985
1.4015
1.4455
1.476
1.5335
1.5415
1.588
1.6115
1.54
1.4865
1.5255
1.5395
1.586
1.5835
1.5825
1.626
1.604
1.579
1.606
1.511
1.542
1.5895
1.625
1.6165
1.592
1.606
1.5435
1.585
1.638
1.666
1.6295
1.669
1.631
1.6455
1.6775
1.666
1.63
1.6235
1.6155
1.627
1.6285
1.644
1.6815
1.884
1.915
1.912
1.9075
1.9045
1.878
1.8725
1.873
1.9105
1.9385
1.9735
1.942
1.963
1.9995
2.0755
2.13
2.142
2.1275
2.122
2.127
2.148
2.1205
2.0425
2.046
2.0315
2.017
1.9705
1.955
1.949
1.945
1.906
1.923
1.9345
1.923
1.925
1.951
2.0005
1.963
1.971
2.0005
1.9945
2.012
1.99
2.0145
2.0105
1.973
1.935
1.945
1.9185
1.875
1.889
1.8575
1.87
1.91
1.933
1.894
1.849
1.851
1.8475
1.8215
1.863
1.854
1.8425
1.8715
1.8525
1.8835
1.935
1.8695
1.858
1.9135
1.949
1.955
1.936
1.9425
1.9655
2.007
2.003
2.0165
2.0755
2.063
2.05
2.039
2.044
1.9415
1.957
1.9425
1.8845
1.8525
1.929
1.918
1.905
1.942
1.9405
1.891
1.904
1.889
1.8925
1.9225
1.929
1.99
1.9745
1.949
1.9505
1.9685
1.967
1.9905
1.9895
2.021
2.0595
2.0765
2.084
2.083
2.093
2.084
2.1135
2.1205
2.26
2.2535
2.2495
2.232
2.2475
2.2385
2.2375
2.8405
3.139
3.13
3.0665
3.102
3.059
3.1095
3.1615
3.041
3.0915
3.1425
3.046
3.078
3.085
3.029
3.161
3.1085
3.165
3.415
3.444
3.45
3.4675
3.4275
3.4815
3.493
3.457
3.429
3.521
3.6825
3.6145
3.602
3.662
3.5585
3.5035
3.5445
3.597
3.62
3.5915
3.4905
3.455
3.4835
3.443
3.433
3.374
3.407
3.4445
3.4205
3.4805
3.4725
3.4365
3.4485
3.6035
3.514
3.5365
3.6395
3.755
3.6845
3.6895
3.666
3.6675
3.5815
3.587
3.4625
4.309
4.2005
4.202
4.135
3.927
3.8655
3.9855
3.84
3.95
3.957
3.889
3.7055
3.739
3.7435
3.6725
3.619
3.6395
3.751
3.735
3.8745
3.925
3.865
3.9625
3.9325
3.811
3.9525
3.934
3.9955
4.135
4.1875
4.3105
4.226
4.167
4.314
4.365
4.363
4.3885
4.3455
4.4375
4.45
4.4825
4.565
4.6295
4.674
4.6715
4.669
4.6575
4.6705
4.618
4.623
4.613
4.6715
4.7925
4.766
4.733
4.467
4.6185
4.5265
4.4765
4.5275
4.4925
4.488
4.5645
5.041
4.4365
4.4105
4.5
4.505
4.412
4.4575
4.3825
4.299
4.2185
4.3635
4.352
4.179
3.9445
3.85
3.993
3.9255
3.8925
3.93
3.959
4.0195
3.988
4.0715
4.065
4.2795
4.515
4.4575
4.528
4.5455
4.7205
4.6595
4.7105
4.7155
4.651
4.5375
4.564
4.62
4.454
4.2545
4.3445
4.469
4.529
4.563
4.5505
4.6425
4.7125
4.7225
4.632
4.8125
4.7605
4.4395
4.441
4.394
4.261
4.213
4.054
4.1435
4.012
4.0175
4.006
3.988
3.924
3.6985
3.8835
3.88
3.791
3.6975
3.7105
3.885
3.7315
3.6975
3.6045
3.4245
3.5455
3.675
3.7595
3.7225
3.8865
3.79
3.648
3.604
3.682
3.495
3.604
3.6635
3.5845
3.5435
3.3925
3.2235
3.1215
3.267
3.2495
3.137
3.2045
3.1735
3.3575
3.3255
3.416
3.411
3.3265
3.585
3.5085
3.6595
3.7975
3.7585
3.69
3.54
3.488
3.565
3.835
3.8685
3.747
3.8435
3.845
3.865
3.7195
3.7415
3.5995
3.6305
3.625
3.7295
3.702
4.005
4.009
3.98
4.05
3.8845
4.043
4.0985
4.037
3.9315
3.968
3.8655
3.796
3.7855
3.659
3.6395
3.6205
3.7265
3.728
3.71
3.806
3.823
4.1145
4.036
3.915
3.963
3.9175
4.031
4.004
4.0175
4.081
4.0115
4.0055
4.075
4.2255
4.0315
3.9715
3.981
3.864
3.8075
3.9585
4.085
4.1485
4.126
4.213
4.055
4.034
3.982
4.0255
3.815
3.733
3.6665
3.681
3.572
3.6
3.6245
3.752
3.5305
3.5315
3.427
3.314
3.3515
3.592
3.6055
3.456
3.424
3.3985
3.527
3.936
3.9155
3.799
3.9105
3.9105
3.817
3.7875
3.7855
3.9555
3.9045
3.8475
4.0255
4.4045
4.3625
4.3345
4.4015
4.32
4.1555
4.0645
4.1065
4.163
4.263
4.1425
4.088
4.0865
4.171
4.0405
4.0705
4.0385
3.9015
3.9595
4.058
3.952
3.837
3.9755
3.915
3.867
3.9365
3.577
3.825
4.05
3.7465
3.588
3.498
3.604
3.535
3.1675
3.638
3.479
3.368
3.35
3.2615
2.926
3.051
2.8
2.8125
3.101
2.793
2.436
2.5145
2.5325
2.6485
2.5115
2.4995
2.516
2.448
2.479
2.802
2.8445
2.8355
2.862
2.7885
2.9225
2.599
2.361
2.4605
2.423
2.315
2.078
2.2465
2.0875
1.9845
1.922
1.792
1.7515
1.8935
2.125
2.1095
2.198
2.135
2.0235
2.0595
2.2605
2.366
2.413
2.5705
2.5625
2.485
2.4125
2.5625
2.4425
2.6315
2.659
2.604
2.578
2.492
2.554
2.572
2.589
2.47
2.538
2.564
2.718
2.703
2.868
2.81
2.858
2.7755
2.596
2.5725
2.4245
2.572
2.5795
2.422
2.527
2.497
2.5315
2.4815
2.422
2.518
2.5
2.941
3.0575
3.1795
3.053
3.159
3.3275
3.3355
3.1655
3.2175
3.198
3.163
3.0835
3.1175
3.0975
3.193
3.0855
3.28
3.1855
3.117
3.2395
3.0995
3.085
3.2405
3.2385
3.0845
3.0245
3.2855
3.427
3.479
3.4315
3.349
3.5675
3.5625
3.505
3.498
3.779
3.6405
3.62
3.6845
3.526
3.572
3.672
3.675
3.817
3.9085
3.8995
3.7755
3.849
3.9885
3.947
3.861
3.7355
3.8625
3.9025
3.8785
3.937
3.96
4.0305
4.223
4.156
4.12
3.9895
4.026
3.948
3.9885
4.095
4.0995
3.964
3.8975
3.9305
3.8965
3.7095
3.7555
3.68
3.7975
3.8935
3.8985
3.798
3.782
3.9195
3.855
3.8825
3.8995
4.1525
4.2465
4.284
4.276
4.378
4.318
4.354
4.3295
4.2845
4.204
4.159
4.1075
4.1325
4.08
4.148
3.9575
3.884
3.9635
4.11
4.194
4.1515
4.183
4.08
3.966
3.905
3.7815
3.868
3.905
3.8815
4.0735
4.0975
4.2275
4.3055
4.2925
4.4115
4.4505
4.4395
4.6935
4.3245
4.212
4.249
4.217
4.3045
4.288
4.372
4.29
4.2145
4.2235
4.266
4.222
4.178
4.298
4.23
4.179
4.053
4.106
4.15
4.2045
4.25
4.225
4.2095
4.2
4.2155
4.138
4.0595
3.958
3.907
3.923
3.9435
4.045
4.112
4.1925
4.227
4.193
4.1775
4.535
4.522
4.514
4.528
4.6875
4.619
4.6055
4.526
4.6105
4.586
4.668
4.552
4.4925
4.4335
4.5455
4.6985
4.761
4.7855
4.68
4.7415
4.873
4.8005
4.766
4.734
4.749
4.671
4.6725
5.9245
6.232
6.1035
6.082
6.129
5.9405
5.942
5.9185
5.855
6.0305
6.31
6.3335
6.5075
6.4955
6.5265
6.6485
6.5795
6.5625
6.5645
6.4495
6.483
6.65
6.647
6.7015
6.587
6.7955
6.925
7.1125
7.0585
6.879
6.7105
6.7055
6.5655
6.769
6.7075
6.569
6.5115
6.418
6.3455
6.424
6.6395
6.6875
6.947
6.9235
6.9655
6.9705
6.8245
6.726
6.695
6.7345
6.6125
6.5
6.676
6.5155
6.3675
6.4555
6.3675
6.357
6.3805
6.289
6.331
6.0715
6.0155
5.974
6.1375
6.3015
6.2705
5.9435
5.906
5.955
5.797
5.8695
5.8415
5.9015
5.868
6.0045
5.983
5.8765
5.8155
5.904
5.876
5.9005
5.862
5.986
5.91
5.92
6.227
6.2765
6.2945
6.4265
6.4455
6.5055
6.441
6.5255
6.679
6.591
6.5565
6.5895
6.567
6.638
6.5175
6.5235
6.463
6.402
6.7365
6.753
6.756
6.829
6.7885
6.5905
6.5745
6.778
6.7435
7.048
7.003
7.06
7.008
7.214
7.291
7.1085
7.1215
7.21
7.3215
7.5045
7.1815
7.3555
7.101
6.9675
7.0865
6.855
6.8745
6.4915
6.5465
6.4355
6.249
6.5645
6.523
6.6935
6.5735
6.4265
6.4455
6.314
6.2295
5.9855
6.136
6.106
6.243
6.1605
6.335
6.273
6.162
6.3155
6.438
6.1385
6.1005
5.942
5.8955
6.1605
6.1515
6.1915
6.342
6.345
6.2945
6.2915
6.1275
6.1155
6.0725
5.9165
6.05
5.89
5.4305
5.463
5.548
5.457
5.503
5.6715
5.811
5.863
5.9755
6.1825
6.165
6.103
5.9245
5.997
6.005
5.8715
6.0035
5.9435
5.92
5.8565
5.8565
5.843
5.8945
6.0035
6.121
6.379
6.3915
6.416
6.4415
6.5
6.2945
6.328
6.2345
6.3035
6.443
6.4825
6.3785
6.388
6.33
6.2265
6.3425
6.243
6.332
6.1895
6.2415
6.6245
6.7605
6.9395
6.861
6.957
7.019
7.122
7.2535
7.2875
7.2725
7.4065
7.416
7.565
7.5365
7.5915
7.6425
8.0365
7.9685
7.985
7.9495
7.853
7.6855
7.7695
8.0435
7.77
7.8135
7.7775
7.6515
7.824
7.7585
7.7765
8.232
8.178
7.9335
7.9335
8.2485
8.4565
8.45
8.4975
8.3755
8.342
8.2615
8.129
8.2305
8.4235
8.4465
8.5385
8.5995
8.5135
8.6665
8.5185
8.284
7.945
7.889
7.9175
8.2085
8.241
8.5195
8.41
8.8625
8.86
8.9745
8.77
8.8275
8.8265
8.784
8.9025
8.8385
8.8145
8.7425
8.781
8.7125
8.697
8.7785
8.902
8.879
9.1645
9.2375
9.238
9.1295
9.107
9.0545
9.1685
9.1375
9.0
9.211
9.2505
9.371
9.293
9.2745
9.234
9.217
9.204
9.2765
9.4375
9.5625
9.3435
9.098
8.871
8.8425
8.835
8.7695
9.2225
8.557
8.482
8.6055
8.6765
8.6855
8.7965
8.8215
9.153
9.265
9.3105
9.4625
9.521
9.4515
9.331
9.388
9.325
9.021
8.834
8.8875
8.862
8.6645
8.472
8.601
8.6395
8.5835
8.454
8.3445
8.4525
8.307
8.4035
8.3365
8.254
8.235
8.0485
8.091
8.226
8.13
8.266
8.555
8.549
8.4675
8.731
8.971
9.0065
9.0065
9.147
9.2645
9.138
9.2455
9.2355
9.202
9.024
9.1145
9.091
9.0005
8.917
8.941
9.1935
9.2945
9.271
9.115
9.8315
9.7535
9.7905
10.0595
9.9225
9.9985
9.8555
9.88
10.04
10.197
10.219
10.3035
10.128
9.6255
9.7405
9.8545
9.94
9.9325
9.811
9.6635
9.613
9.75
9.7065
9.8345
9.62
9.6825
9.416
9.2845
9.3775
9.4025
9.484
9.3265
9.3145
9.498
9.299
9.1825
9.3185
9.386
9.7115
9.5815
9.708
9.6275
10.0625
10.1175
10.209
10.2245
10.4745
10.6595
10.7095
10.837
10.914
10.6275
10.5615
10.675
10.519
10.6435
10.5765
10.903
10.7775
10.6605
10.826
10.6745
10.709
11.126
11.195
11.126
11.066
10.585
10.498
10.074
10.135
9.685
10.2545
9.7065
9.918
10.115
10.1475
9.884
9.7965
9.126
8.9465
8.877
9.6775
9.6865
9.6015
9.9635
10.3265
10.546
10.7615
10.627
10.5
10.809
10.995
10.863
10.5695
10.828
10.9765
11.1285
11.339
11.965
12.0845
11.6625
11.5935
11.1615
11.1805
11.4925
11.2105
11.4855
11.122
10.8115
10.599
10.625
10.975
11.0755
11.237
11.566
11.774
11.8405
11.8075
12.3355
12.1165
12.194
11.5765
11.6805
11.739
11.8805
11.3575
9.92
10.339
10.866
10.6755
10.605
10.781
10.9145
10.824
10.85
10.8995
10.561
10.5395
10.8695
10.9465
10.8915
10.5995
10.226
9.857
9.4625
9.617
9.4495
9.12
9.7075
9.4195
9.6145
9.8565
9.8015
9.812
9.5995
9.766
9.524
9.6515
9.476
9.0255
9.0105
9.063
9.063
8.9665
9.126
8.7175
8.9515
8.864
8.8135
8.6945
8.693
8.655
8.9515
8.8755
8.8805
9.1305
8.928
8.967
8.945
8.7965
8.921
9.083
9.472
9.7225
9.5465
9.3045
9.35
9.39
9.666
9.7685
9.6075
9.722
8.973
9.086
9.384
9.157
9.2095
9.274
9.249
9.277
9.5795
9.565
9.2235
8.9965
9.125
9.113
9.029
8.9445
8.9565
8.9265
9.19
8.9845
9.002
8.965
9.013
9.0545
9.1885
9.382
9.216
9.1695
9.2295
9.113
9.2215
9.2525
9.276
9.6165
9.5865
9.62
9.752
10.1435
10.272
10.058
10.2305
10.1255
9.9025
9.983
9.6995
9.7195
9.5935
9.349
9.3985
9.5345
9.423
9.275
9.4195
9.5535
9.555
9.499
9.412
9.5165
9.721
9.7995
11.3425
11.595
11.502
11.5125
11.4725
11.1995
11.258
11.195
11.149
11.3345
11.384
11.1465
11.2195
11.203
10.918
10.6925
10.9055
10.7665
10.864
10.762
10.6445
10.7375
10.4615
10.6455
10.411
10.7285
10.6605
10.882
10.94
10.924
10.825
10.821
10.7365
10.7225
10.9175
11.133
11.2015
11.151
11.0285
11.108
11.0035
11.2805
11.281
11.0655
11.4175
11.466
11.4765
11.353
11.2525
11.2525
10.975
10.9185
10.768
10.9195
10.8005
10.8465
10.8735
11.3085
11.4145
11.3005
11.152
10.8525
11.0005
11.866
11.8045
11.665
11.6045
11.5405
11.7485
11.6995
11.828
11.719
11.703
11.6375
11.622
11.6595
11.871
12.0775
12.0585
12.0175
11.9725
12.155
12.06
12.287
12.196
12.3055
12.356
12.311
12.4135
12.394
12.311
12.569
12.957
12.8545
12.7835
12.7815
13.012
13.0635
12.9
12.9375
13.084
13.0405
12.8735
12.74
12.623
12.4835
12.8295
12.716
12.6005
12.53
12.796
13.0235
12.9255
12.953
12.548
12.2495
12.211
12.118
12.209
12.197
12.3745
12.2425
12.0
11.689
11.7155
11.4245
11.146
11.912
11.6445
11.607
11.621
11.7165
11.878
11.603
11.3675
11.3155
11.3235
11.33
11.1475
11.03
11.2615
11.4855
11.689
11.9015
11.994
12.181
12.17
12.3555
12.5635
12.6025
12.5165
12.6245
12.698
12.6685
12.6635
12.3885
12.5345
12.588
12.5625
12.4595
12.693
13.02
12.8995
13.075
12.846
12.931
12.4315
12.4155
12.259
12.5435
12.8655
12.924
12.9575
13.423
13.319
13.3175
13.267
13.397
13.6365
13.595
13.4465
13.524
13.606
13.5095
13.4055
13.673
14.1995
13.802
13.0175
13.638
13.275
13.25
12.999
13.3445
13.111
13.0115
13.0975
12.8605
12.935
13.4735
13.462
13.2545
13.4875
13.3205
13.297
13.271
12.9935
12.968
13.1625
13.2135
13.287
13.6555
13.7795
13.6895
13.694
13.7095
13.562
13.7065
13.755
13.287
13.091
12.8945
12.8205
12.864
12.6695
12.8875
12.801
13.0155
13.265
13.3245
13.0805
13.166
12.9515
12.954
12.774
12.9475
13.057
13.2385
13.4925
13.6435
13.386
13.617
13.37
12.971
13.016
13.1775
13.445
13.439
13.735
12.7405
12.487
12.6905
12.4115
12.6275
12.9025
12.786
12.8865
12.934
13.008
13.1815
13.2255
13.4165
13.328
13.206
13.495
13.3815
13.443
13.148
13.09
13.087
13.3645
13.2765
13.3415
13.46
13.344
13.285
13.3585
13.3915
13.8435
14.0535
13.739
13.5835
13.7895
13.6995
13.903
14.088
13.908
13.672
13.668
13.5305
13.6045
13.8785
13.8775
13.8845
14.105
14.1865
14.2015
14.294
14.5295
14.5765
14.6165
14.983
15.3775
15.3285
15.3435
15.4345
15.2055
15.2615
15.174
15.053
14.947
15.17
15.6005
15.305
15.1205
15.061
15.2785
15.2105
15.0495
15.0375
14.8455
14.787
14.863
14.8345
14.6985
14.567
14.3235
14.241
14.2785
14.3545
14.2285
14.4865
14.5005
14.3105
14.0465
14.079
14.199
14.049
14.44
14.682
14.705
14.793
14.9855
15.018
14.982
14.943
14.896
14.803
15.2085
15.6015
15.603
15.817
15.5745
15.7065
15.6325
15.906
15.8005
15.632
16.047501
16.025499
15.738
15.952
15.5015
15.1615
14.9115
15.2585
15.5445
15.535
15.32
15.5245
15.5385
16.446501
16.322001
16.627001
16.337999
16.6105
18.1695
17.908001
18.135
18.054001
18.2015
17.950001
17.937
17.9445
17.809
17.177999
17.515499
17.719
17.4765
17.811001
18.370001
18.4585
18.309
18.247
18.1285
18.445999
18.615499
18.832001
19.068501
19.335501
19.681
19.615
19.233
19.298
19.224501
19.3475
19.244499
19.389
19.109501
19.0625
19.212
19.4485
19.3825
19.798
19.759501
20.110001
20.146
19.959999
20.2195
19.903999
19.668501
19.939501
19.8985
19.822001
19.681499
19.901501
20.096001
20.050501
19.882999
19.549
19.877001
19.793501
19.790001
19.980499
20.352501
20.226999
19.9935
19.379999
19.313999
19.7215
19.209999
20.150499
17.9345
17.307501
17.397499
17.3225
17.7295
18.054001
18.043501
18.0895
17.4625
17.860001
17.8675
17.682501
17.368999
17.49
17.337999
17.589001
17.916
17.99
18.0065
18.105
17.989
18.195
18.6185
18.608
18.603001
18.526501
18.441
18.532
18.5755
18.687
18.752001
18.938499
18.661501
18.4485
18.031
17.592501
17.7355
17.1705
16.9235
16.914499
16.818501
17.1495
17.098
16.681
16.15
15.888
16.3535
16.5905
15.8555
15.5865
15.7955
15.804
16.184
16.245501
16.543501
16.466
16.229
16.8575
15.1915
14.829
15.019
15.2065
15.3945
15.4005
15.5025
14.869
14.6355
14.416
14.612
15.143
15.232
14.881
14.7595
14.885
14.838
15.0595
15.2505
15.2455
15.612
15.541
15.508
15.689
15.6275
15.442
15.3595
15.339
16.178499
16.4835
16.375
16.620501
16.76
16.2955
16.313499
16.381001
16.281
16.719
16.35
16.209999
16.362
16.208
16.372
16.2845
16.2285
16.239
16.619499
16.6425
16.8745
16.6775
16.1905
16.498501
16.396
17.309999
17.766001
17.722
17.795
17.622499
17.933001
17.988001
18.042
17.907
17.9305
16.2005
16.0205
16.0
16.1255
15.6495
15.353
15.6825
15.616
15.6945
15.5725
15.84
15.9165
15.966
16.313999
16.6605
16.681499
16.7265
16.7565
16.789
16.6455
16.5795
16.701
17.091499
17.159
17.000999
16.952
17.118999
16.950001
17.297501
17.319
17.117001
16.487499
16.5665
16.525999
16.5595
16.1945
16.388
16.200001
16.25
16.566
16.225
16.181499
16.4105
16.0965
16.1605
16.091
16.122
15.873
15.9205
16.136999
16.110001
15.849
16.135
15.7685
15.5695
15.3225
15.4155
15.2985
15.143
15.182
15.3105
15.7665
15.6485
15.659
14.353
14.4985
14.7795
14.706
14.9535
15.273
15.286
15.1405
14.826
14.832
14.993
15.2555
15.6005
15.5755
15.824
16.391001
16.1525
16.2465
16.327
16.527
16.6315
16.782
16.752001
16.678499
16.931999
16.299999
16.3155
15.825
15.8465
15.6315
15.332
15.625
15.292
15.368
15.366
15.3035
14.753
14.944
14.8865
14.995
15.327
15.3145
15.1515
15.4545
15.602
15.515
15.5175
15.426
15.1095
14.7645
14.921
15.023
14.8465
14.5705
14.737
14.6635
14.3475
14.537
14.472
14.8625
15.516
15.6195
15.483
15.3375
15.1955
15.589
17.7265
18.223499
18.1775
18.237499
18.6945
18.714001
18.528
18.65
18.757
18.8585
19.091499
18.7715
18.668501
18.950001
19.183001
19.007
18.929501
19.268499
19.24
19.007999
19.283001
19.230499
19.136
19.3915
19.004499
18.927999
18.4755
18.318501
18.712
18.528999
18.6675
18.596001
18.757
18.662001
18.9245
18.755501
18.7045
18.548
18.3675
18.528
18.7295
18.605
18.513
18.612499
18.851999
18.720501
19.059999
19.177
19.1325
19.118
19.255501
19.172501
19.302
18.778
19.4755
19.559
19.49
19.4995
22.254999
21.927999
21.4655
21.4685
21.089001
21.143499
21.152
21.0595
20.955
21.344
21.6845
21.6425
21.551001
21.3435
21.614
21.299999
21.261999
21.085501
21.193001
21.581499
21.3815
21.2735
21.570999
21.328501
21.4615
21.546
21.5495
21.8295
21.539
21.3475
21.174999
21.274
21.5385
21.6485
21.496
21.1835
21.363001
21.390499
21.9695
21.746
21.814501
22.2995
22.042
22.004999
21.905001
21.493
21.7045
21.869499
21.8855
21.802
21.836
21.485001
21.7195
22.175501
22.7785
23.2785
23.0595
23.774
24.150499
24.405001
24.4
24.4135
24.108999
26.471001
26.570499
26.3015
26.450001
26.837999
26.807501
26.751499
26.594999
26.8505
26.473
26.131001
26.200001
26.372999
26.2955
26.483
26.576
26.761
26.750999
26.646
25.789
24.723499
23.168501
23.318501
25.0385
25.918501
25.900499
25.644501
24.827
25.5275
25.236
24.950001
25.877001
25.8445
26.112
26.472
26.069
26.1185
26.369499
26.943501
27.013
27.4195
26.92
26.803499
26.6875
26.2125
25.202999
24.803499
25.5945
26.035999
26.627001
27.184
26.874001
27.097
26.658001
26.99
27.509501
27.445
27.241501
28.122
28.538
28.657499
28.044001
27.7885
28.195499
29.9515
30.4305
30.550501
30.855
31.327499
31.295
31.4175
31.265499
32.047501
32.782501
32.968498
32.774502
32.984001
33.662498
33.279999
32.1175
32.390499
32.165001
33.176998
33.063499
33.422501
33.949501
33.557499
33.766998
33.662998
33.240002
33.952999
33.800499
33.3125
33.632
33.491501
33.866501
33.239498
33.116001
32.0075
32.8955
32.931999
33.788502
33.532501
33.207001
33.225498
33.157501
33.185001
33.1395
33.759998
34.698502
34.453499
33.794498
31.849501
31.689501
31.6325
30.396999
30.352501
30.886999
30.894501
29.0905
29.65
28.509001
28.724001
28.588499
28.750999
29.819
29.8265
30.0625
29.1675
31.7675
29.35
28.740499
27.605
26.553499
26.813
25.106501
24.405001
24.1035
24.524
25.191
25.354
26.055
26.705
26.25
26.745001
27.975
27.646999
27.702
27.7575
27.761499
27.625999
28.952
29.0105
28.8745
28.757
28.139999
28.013
27.973499
27.946501
28.480499
28.668501
28.851
28.713499
27.972
27.604
27.698999
28.024
28.481501
29.147499
28.9935
29.693001
29.9345
29.681999
29.924999
29.6595
29.306999
30.104
29.571501
29.73
29.796499
30.158501
30.740999
31.0375
31.2945
31.7675
31.395
31.6495
31.549999
31.025
31.309999
30.844
30.328501
30.1
32.9795
34.192501
33.566002
33.544998
32.954498
33.697498
33.987499
35.1535
35.661499
35.8965
35.495998
35.533001
34.7635
34.872501
34.925999
35.139999
34.837502
35.209999
35.4175
35.745499
35.612
36.1395
35.972
36.411999
36.277
36.336498
36.187
36.332001
36.3825
35.8955
35.762001
35.965
35.713001
35.8755
35.3195
35.7005
35.791
35.529999
36.104
34.948002
34.568001
35.397499
35.779999
35.780998
36.284
36.404999
36.880501
36.828499
37.290501
37.688999
37.4105
37.1315
37.060001
36.771999
36.803501
36.997501
37.285999
37.2215
37.243
36.980499
36.779499
36.8335
37.630501
37.940498
38.387001
38.028999
37.731998
38.038502
38.299
38.327999
38.415501
38.428001
38.562
38.627998
38.4245
38.202
38.231499
38.223
37.865501
37.973999
38.122501
37.862499
37.960999
38.450001
38.564499
38.379002
38.458
38.530998
38.622002
39.443501
39.223999
39.202999
38.007
38.574501
38.050499
38.054501
38.484501
38.925999
38.755001
39.011002
39.487
40.235001
40.287498
39.958
40.8055
41.436001
41.452499
41.865501
41.837002
41.7015
42.217999
42.083
41.9715
42.085499
41.549999
41.704498
41.464001
41.147999
40.647499
40.8825
40.884499
40.515999
40.949501
41.904499
41.758999
41.129501
40.917999
38.816002
39.491001
39.2705
38.278
38.351501
37.752499
39.246498
39.387501
38.594002
37.118999
36.9505
35.953499
37.161999
37.324501
37.82
38.007999
39.0
39.266499
39.006001
39.018501
38.338501
38.125999
37.5285
37.182499
37.016998
37.967999
38.236
38.521
38.366501
38.432999
38.006001
38.716999
38.441002
38.049999
37.8885
38.299999
38.561001
38.529999
38.317001
38.029499
38.57
38.606499
38.2575
37.4935
37.683498
37.859001
39.022499
39.7995
39.846001
39.794998
39.951
40.681999
40.856998
40.486
40.374001
40.452
40.4165
40.894001
41.122002
41.826
41.9575
41.788502
41.519001
41.174
41.6175
41.997501
40.509998
40.382
40.625
40.9855
41.068001
41.373001
41.8265
41.8195
42.134998
42.207001
42.253502
42.821999
42.780499
42.609501
42.262001
42.431999
42.251999
42.653999
42.445499
42.493999
42.330502
42.300999
42.525002
42.650002
42.623001
42.7295
42.626499
42.648499
42.671001
42.615501
42.848499
42.16
42.403
42.368999
42.280499
42.341
42.799999
43.716
43.817001
44.327
44.5755
45.341499
45.464001
44.914001
44.743999
45.352001
45.118
44.811501
44.233501
45.099499
45.188999
44.959999
45.103001
44.926498
45.370499
45.381001
45.4645
45.918999
46.2495
47.411499
47.347
47.051498
46.876499
46.7075
47.452
47.640999
47.447498
47.381001
48.067501
47.898499
48.303501
47.237999
47.9245
47.992001
48.533501
48.577
49.017502
49.668999
49.789001
49.834999
49.730999
49.797501
50.336498
50.567001
50.150002
50.503502
50.5135
48.915501
48.245499
49.039501
48.823502
48.2085
49.385502
49.758499
49.629501
50.1115
50.064999
50.187
49.699001
48.839001
49.516499
48.796501
48.400002
47.682999
48.57
48.257
48.938
49.823502
49.706501
50.3255
50.031502
50.0905
50.501999
51.2225
51.343498
51.435001
51.283501
51.947498
51.9935
52.639999
52.299999
51.001999
49.389
49.809502
49.794498
49.346001
49.379002
49.613499
49.492001
49.100498
47.846001
48.399502
49.165001
49.137001
48.909
48.0285
47.9235
47.664501
48.345001
47.900002
47.622501
47.263
47.300999
47.702999
48.379501
49.029999
48.912498
48.2635
48.389999
48.973499
48.294998
48.897999
49.129002
49.98
49.6105
49.3395
48.709499
48.493
48.6605
48.232498
47.755001
46.989498
46.93
47.543499
47.82
48.067501
47.959499
47.855
48.272499
49.0425
49.479
49.5495
49.360001
49.75
50.046501
50.146999
50.317001
50.456501
49.849998
49.330502
49.1455
48.314999
48.794998
48.6455
48.621498
55.047501
55.5425
55.264
55.183998
54.710999
55.580002
56.033001
56.158501
56.644001
56.456501
56.267502
56.4585
56.841999
56.334499
56.864498
56.493999
56.315498
56.974499
57.807999
59.299999
59.7915
59.68
58.063499
58.837502
58.1175
56.697498
57.078499
57.6175
57.989498
58.099998
58.445999
58.254002
58.206501
58.713001
58.957001
59.528999
59.368999
58.881001
58.737999
58.417999
58.838001
59.112999
59.305
58.473499
59.4505
60.209999
60.4795
61.457001
62.343498
62.634998
62.716499
63.834
65.260002
65.242996
64.75
64.666
64.728996
66.365501
68.126999
67.875504
68.897499
70.102501
70.884003
71.890999
72.544502
69.5
71.497498
69.5
72.141998
70.838997
67.525002
66.980003
69.311501
70.725502
72.552498
73.087997
72.434502
73.417503
74.146004
74.266998
75.0
76.097504
75.598999
75.622498
74.672501
75.012497
76.180496
76.882004
77.25
77.593002
78.944504
79.919502
79.408997
79.550003
79.115997
78.584
77.246498
79.3255
79.093002
77.246002
74.778
77.792999
74.852501
71.570999
72.366997
68.599503
69.602501
70.528503
72.587502
70.261497
70.304001
71.810997
71.352501
72.425003
71.539497
72.074997
75.191498
76.391998
77.845497
76.374496
75.892998
73.004501
73.008499
75.898003
78.630997
78.306503
79.112999
78.484001
78.603996
79.047501
80.007004
79.619499
80.400002
80.454002
80.1455
80.077003
78.806
79.363998
79.087997
78.718498
79.273003
79.07
80.093002
80.153503
80.5075
80.643501
81.244499
81.481003
82.077003
83.263496
84.817497
84.787498
84.464996
84.199501
84.456001
84.9375
85.242996
86.193001
85.7985
86.189499
86.738998
87.503998
86.511002
85.783501
83.157501
84.554497
83.025497
85.072502
84.989998
85.689003
84.697998
84.986504
85.531502
86.950996
87.153503
87.75
89.831001
90.651497
91.124496
92.196503
92.146004
90.648499
90.684998
90.099998
91.461998
93.180496
90.400002
90.863503
88.960999
88.872002
89.858498
91.716499
91.164497
92.387497
93.124001
94.325996
94.926003
94.315002
94.809998
95.982498
94.130997
94.325996
94.111
93.835503
94.170998
95.245003
95.144997
95.269501
96.384003
96.640999
99.904999
100.119003
100.635498
101.975502
99.740997
97.915497
97.6035
96.9505
99.357498
99.5
99.4935
98.509499
95.401497
97.052498
96.320999
97.214996
95.750504
96.718002
98.727501
98.7425
100.649002
100.150002
100.218002
98.565498
97.638
95.471001
94.482498
93.221001
93.515999
87.762497
85.968002
89.430496
88.047501
90.998001
91.586502
88.536003
88.2015
89.464996
88.434998
83.209999
89.108498
82.140503
76.944
76.521004
79.900497
83.276497
83.276497
81.389999
82.140503
87.774498
87.745499
85.621498
81.842499
81.558502
79.9505
80.972
79.670502
75.614502
74.773003
75.836502
75.102997
79.066498
79.070999
83.887497
83.678497
84.508499
88.617996
83.419998
84.959503
81.456497
82.051498
82.162003
83.177002
82.918999
79.595497
76.045502
77.573997
74.753998
73.041496
68.872498
67.197998
73.544998
73.082001
73.901001
75.098503
76.956497
75.014
78.769501
81.475502
82.829002
82.971001
82.810997
82.028
80.860497
83.727997
84.189003
84.661003
84.809998
81.608498
82.000999
82.746498
83.528503
81.894501
79.694
83.5215
85.936501
81.311501
81.665497
82.940498
82.013
80.718498
79.411003
79.550003
81.900497
82.0
81.1325
80.397499
81.378998
81.105003
80.972
81.578003
81.650002
81.82
82.054497
81.991501
83.586502
84.808502
84.621498
83.447502
81.297501
81.040001
83.530998
83.654999
84.540497
84.310997
85.617996
87.107498
88.092499
89.863503
90.962997
88.238503
88.712997
89.188004
88.285004
88.670998
89.037498
90.709503
90.698997
91.035004
90.943001
91.863998
92.492996
91.792
92.366501
92.203499
92.153
92.2435
93.152
93.240997
93.084503
94.365501
96.188499
95.087502
95.112503
97.531502
96.921501
96.325996
95.575996
95.041
98.123001
97.527496
96.050003
95.888496
94.9935
94.499001
91.134003
92.005997
93.557503
95.378502
93.449997
92.948502
92.875999
92.984001
90.774002
91.164001
91.821503
90.959503
90.816002
88.753502
84.634499
86.477997
86.925003
87.718002
90.2015
93.031502
93.184998
92.765999
93.514999
93.483498
94.301498
95.068497
95.439499
95.9095
95.565002
95.695
93.913498
94.891502
95.213997
94.681503
96.109497
96.7155
96.949997
97.1455
97.615997
99.415001
100.870499
100.053497
100.550003
101.0495
100.495003
99.601501
98.894997
98.225998
99.281502
99.724503
100.040497
98.691002
97.152496
95.622498
94.926498
93.338997
92.765999
91.162003
88.2565
89.391502
89.669998
91.644501
90.378998
89.246002
91.217003
88.148003
88.806
89.628502
90.806
90.069
91.177002
90.233002
87.481003
88.443497
88.091499
88.212502
89.32
88.814499
89.491997
90.030998
92.036003
91.675499
91.567497
91.027496
91.149498
92.177498
91.967003
90.391998
91.127502
90.873001
91.074997
89.708
89.264999
87.080498
88.416496
86.991997
86.272499
86.795502
86.782501
85.661499
86.221001
86.982498
86.633003
85.275497
86.099503
86.013
86.596001
86.821503
88.369003
88.871498
89.374001
87.875504
89.282997
88.286499
88.108498
89.039001
88.066498
88.853996
88.135498
88.999496
88.833
89.571999
90.233002
90.085503
89.788498
89.410004
89.293999
88.582497
88.900002
87.655502
87.730003
86.974503
87.626503
87.639503
87.276497
86.735497
87.286003
88.692001
89.847
90.925499
90.040001
89.080002
88.498001
88.0345
87.024002
87.580002
87.475502
86.960503
87.435997
88.016502
88.046997
88.460503
89.532997
89.2015
89.613998
89.324997
89.650002
89.460503
93.438499
93.489998
92.344498
92.391998
94.900497
93.748497
95.143997
95.343002
94.598503
95.052498
94.157997
94.565002
93.472
93.100998
93.897003
93.236
94.599998
94.373001
94.228996
93.082001
91.417
92.662498
92.900002
93.533997
100.435997
100.209999
102.483498
101.9935
102.511497
103.963997
106.695503
107.540001
108.0
107.4935
106.7435
107.783501
108.511002
107.654999
104.7985
100.4645
98.637001
98.9795
94.214996
94.1875
97.697502
95.449501
98.791496
96.2015
95.054497
90.030502
94.591003
91.042999
83.830498
89.25
84.457497
90.391998
91.5
94.046501
92.304497
95.141502
97.004997
94.292
97.774498
95.004997
98.197502
97.486
95.385002
95.941498
95.329498
99.879501
100.580002
102.150002
102.138
108.443497
114.166
115.384003
120.4095
118.75
119.680496
116.405998
118.1745
119.972504
120.511002
118.800003
115.704002
118.635498
123.699997
114.302002
115.7995
115.889999
117.563004
118.380501
118.980499
120.449997
117.847504
118.396004
119.442497
120.488998
121.313004
122.466499
124.897003
122.336998
121.844002
121.093002
120.519501
120.055
122.1185
123.552002
123.620499
123.919998
123.029999
124.150002
126.203003
130.042999
132.372498
127.898003
127.250999
128.634003
130.763504
132.048996
132.699005
133.750504
135.690994
138.220505
136.720001
137.729004
134.643494
134.018997
137.940994
143.934998
144.514999
152.852005
150.005997
154.055496
159.1315
160.0
155.199997
154.199997
150.443497
149.994995
148.098495
159.841995
156.914505
154.995499
149.327499
150.445496
152.760498
150.016495
151.676498
152.593994
158.233994
155.594498
156.941498
160.251495
161.25
158.373001
157.408005
154.033493
158.112
158.050995
157.401001
159.120499
165.624496
163.024002
164.8685
164.235992
165.373001
167.324493
172.092499
170.0
170.089996
172.548004
174.955994
176.572495
168.399994
164.731003
157.492004
163.430496
158.755493
155.811005
155.148499
157.806503
153.904999
150.436493
147.745499
148.023499
156.449493
149.992996
150.989502
154.7565
158.702499
157.244003
157.436493
161.063004
156.25
159.960007
154.998001
159.7845
159.527496
164.332504
172.1465
172.181503
168.185501
166.932495
163.635498
160.360504
160.850494
159.246994
158.820007
160.220001
160.352005
164.316498
158.139008
160.550507
151.807495
150.223999
152.420502
162.057999
166.100006
165.568497
157.186996
151.751007
156.869507
155.514008
156.440506
156.552994
156.783005
155.272995
155.850998
154.970001
154.919495
155.903
159.253494
159.766998
158.401993
161.003998
160.176498
159.336502
158.128998
157.899994
158.864502
155.210007
155.074493
155.820999
157.848495
158.255997
162.048004
161.804001
160.082504
160.309006
160.326004
159.263504
158.634506
164.197998
166.100006
164.292496
162.846497
159.331497
160.925507
156.919006
158.108002
159.134995
155.710495
156.041504
158.294495
156.373505
155.212494
156.037994
163.169006
165.349503
164.611496
164.699997
166.306503
161.628998
161.880997
160.309998
167.143997
169.0
165.626495
166.550003
167.607498
166.147003
165.25
164.328995
163.106506
163.885498
163.447495
165.432007
166.411499
162.494995
159.037003
159.725006
157.976501
152.858002
154.6465
157.307007
154.726501
150.25
148.878494
150.022995
147.597504
153.142502
152.882004
155.679504
154.474503
154.084
154.593002
156.786499
151.399506
153.748001
155.543503
156.875
154.3535
152.313004
152.601501
153.786499
152.764496
154.703995
158.050003
161.336502
161.190994
163.969498
164.964996
168.610001
168.969498
170.0
166.649994
168.954498
169.972
168.600494
166.734497
168.100998
165.451996
167.044006
170.449997
170.871506
172.925003
173.565506
173.371002
169.324493
165.593506
163.526993
165.318497
164.580505
159.524506
161.195496
157.597
158.073502
161.145004
163.519501
161.613998
161.589996
162.384003
160.154007
162.249496
162.952499
163.257996
161.505493
161.153503
160.932495
161.699493
159.350494
160.311005
159.900497
163.205505
164.057495
167.482498
167.341507
169.193497
169.156494
170.762497
174.462006
174.345001
172.697998
175.272003
175.190994
172.453995
170.072998
172.194504
172.406998
172.007996
171.648499
175.548996
183.787003
184.828995
186.570496
185.966995
185.927505
183.867996
184.084
181.559998
178.681503
177.479507
178.6595
179.259995
181.901505
182.832001
184.990997
181.319504
181.516006
179.996002
166.379501
166.574005
168.311996
167.735992
168.7995
167.246994
167.093506
166.033997
164.605499
165.175003
164.698502
164.949493
162.098007
160.061005
159.387497
159.997498
163.293503
165.289001
164.959
165.800003
167.481506
171.078506
173.539505
173.949997
173.156006
173.902496
175.464493
176.274994
174.207993
173.457504
172.858505
172.5
173.789505
174.412003
173.126007
167.786499
167.181503
169.002502
170.800003
171.276001
170.289993
165.798004
165.056
164.251999
164.162994
159.488998
161.050003
163.100494
165.121506
164.431
162.315002
162.366501
164.214005
164.992996
170.451004
172.337006
172.207504
170.753006
171.750504
166.777496
166.018494
168.803497
169.624496
172.328506
168.621506
165.905502
165.637497
169.199997
173.850006
175.949493
174.449005
178.811493
174.102493
173.625
176.257507
177.283997
177.035004
177.449997
184.802994
183.828506
178.628494
179.001999
179.020493
175.227997
178.078506
175.3535
172.186005
171.867996
169.489502
171.3685
176.164505
176.158005
174.171005
172.212006
169.567505
169.091507
173.315002
168.871002
170.017502
167.078995
170.417007
171.037003
171.068497
169.669495
170.660995
169.201004
168.644501
166.716995
170.404495
167.522003
164.356995
163.253998
162.554001
161.485992
165.362
165.207001
161.214005
162.138
158.917496
156.298996
151.667496
142.643005
144.544006
139.985992
138.872498
139.637497
143.977997
149.573502
151.193497
150.612503
138.845505
157.639496
157.935501
161.413498
161.189499
159.003494
153.293503
155.167007
156.510498
158.100494
154.652496
152.601501
150.197495
144.826996
151.358002
153.788498
153.563004
151.141998
152.052505
147.898499
145.641006
137.453003
136.014496
139.279007
146.817505
145.524506
141.852997
147.366501
153.104004
157.238998
161.250504
161.491501
164.889008
163.408005
163.649506
164.773499
168.990494
169.315002
166.300995
162.997498
163.559998
168.346497
164.054993
158.755997
157.7845
154.460495
151.121994
150.787506
155.541
151.706497
152.785004
158.115494
153.998001
148.296005
144.350006
146.074005
139.391006
138.167007
144.596497
124.281502
124.5
124.253502
125.928497
116.406998
114.772499
108.789001
108.859001
105.372002
106.930496
113.055
110.810501
115.3685
107.112503
107.319
107.591003
107.556999
104.099998
106.775002
111.077499
115.1465
120.209503
121.683998
125.511002
122.349998
124.790001
123.0
121.18
116.150002
109.650002
103.669998
102.309998
107.669998
103.660004
106.220001
108.68
108.949997
112.440002
116.459999
113.220001
107.400002
108.919998
106.209999
109.559998
113.5
114.330002
116.330002
115.540001
111.75
109.220001
110.400002
110.629997
113.550003
113.760002
118.209999
122.769997
124.629997
122.419998
121.139999
114.809998
120.970001
122.279999
134.949997
135.389999
134.160004
139.520004
142.570007
140.800003
139.410004
137.830002
142.690002
140.639999
143.550003
143.179993
144.779999
142.100006
142.300003
138.229996
133.220001
133.619995
133.800003
137.279999
130.75
129.789993
128.729996
126.769997
127.82
127.510002
126.110001
129.479996
129.820007
133.270004
136.449997
126.82
128.550003
126.279999
123.529999
124.660004
122.190002
118.540001
117.309998
113.779999
115.150002
114.410004
118.010002
114.800003
113.0
115.879997
121.089996
120.949997
120.300003
114.559998
113.669998
112.209999
112.900002
112.529999
106.900002
113.790001
116.360001
115.07
115.25
119.32
119.82
120.599998
115.660004
110.959999
103.410004
102.440002
96.790001
92.120003
89.300003
90.980003
90.529999
89.980003
86.139999
96.629997
100.790001
98.489998
98.940002
97.120003
94.849998
94.139999
92.459999
93.199997
94.129997
93.410004
93.949997
92.419998
96.540001
95.5
94.129997
91.010002
88.25
88.459999
90.349998
89.089996
90.550003
92.489998
91.580002
88.449997
87.860001
84.919998
85.190002
86.769997
83.790001
85.25
83.040001
81.82
84.18
84.0
85.82
85.139999
83.120003
86.080002
87.360001
89.870003
95.089996
95.269997
98.120003
96.050003
95.459999
93.68
97.25
97.519997
96.32
97.18
99.220001
102.239998
100.550003
103.129997
105.150002
112.910004
103.389999
102.18
102.110001
100.050003
98.239998
97.610001
99.540001
99.699997
101.160004
98.150002
97.199997
94.580002
95.790001
95.82
93.5
93.760002
94.230003
92.169998
92.129997
94.900002
93.75
93.550003
93.919998
92.25
90.730003
92.43
94.879997
96.199997
100.040001
98.949997
97.709999
100.610001
98.699997
98.709999
98.129997
98.040001
97.239998
100.25
102.0
103.290001
102.410004
103.949997
101.099998
102.059998
102.169998
99.919998
97.830002
102.400002
102.510002
102.739998
102.300003
104.300003
103.809998
106.959999
106.209999
102.57
104.980003
109.82
105.449997
102.050003
103.629997
103.650002
104.0
105.660004
105.830002
106.620003
110.190002
112.18
110.260002
111.199997
113.400002
115.5
118.150002
116.25
115.010002
114.989998
116.75
115.0
120.110001
121.660004
120.580002
122.769997
124.25
125.300003
126.610001
121.230003
124.25
123.43
126.57
126.660004
126.419998
127.110001
125.489998
125.779999
124.830002
130.149994
129.330002
127.330002
129.179993
129.039993
127.900002
130.360001
130.220001
130.380005
128.360001
129.779999
127.129997
128.779999
130.800003
134.300003
134.679993
133.559998
132.830002
135.360001
129.960007
130.0
128.800003
129.130005
128.149994
128.25
132.210007
133.679993
131.690002
128.210007
128.910004
139.570007
142.220001
139.940002
137.850006
138.559998
138.410004
140.570007
137.669998
135.070007
133.979996
133.220001
134.679993
134.25
135.520004
131.839996
133.259995
133.139999
134.910004
135.070007
138.009995
138.119995
137.270004
135.360001
137.850006
138.229996
143.100006
141.229996
144.850006
144.720001
140.389999
139.979996
137.630005
135.289993
129.330002
129.119995
131.270004
125.980003
125.980003
125.980003
127.120003
129.460007
124.720001
127.0
125.959999
127.959999
128.259995
129.479996
131.830002
132.330002
129.789993
132.550003
131.470001
128.130005
128.399994
125.169998
126.559998
128.559998
121.389999
119.57
127.739998
132.710007
133.089996
137.0
138.070007
138.600006
139.740005
142.710007
142.080002
140.600006
143.559998
142.589996
145.800003
143.199997
142.830002
145.179993
146.130005
143.899994
146.710007
146.740005
147.729996
147.029999
146.320007
146.089996
147.029999
144.839996
146.880005
144.520004
146.880005
147.419998
145.889999
147.479996
148.839996
147.419998
149.970001
154.070007
153.789993
152.119995
153.839996
153.419998
153.410004
153.339996
153.380005
151.940002
149.929993
148.470001
144.570007
145.240005
149.100006
151.369995
153.729996
155.179993
154.619995
153.160004
151.710007
153.5
155.339996
154.779999
156.020004
156.869995
157.75
159.119995
161.259995
159.0
155.199997
159.279999
171.809998
170.309998
169.149994
170.529999
169.839996
174.449997
172.339996
168.639999
170.979996
169.800003
169.509995
167.080002
168.589996
174.580002
174.990005
174.729996
173.539993
173.160004
176.759995
178.220001
177.580002
174.119995
173.509995
176.820007
175.350006
171.960007
175.389999
176.559998
178.75
174.419998
174.479996
175.899994
178.149994
178.149994
178.869995
179.710007
178.300003
179.830002
180.380005
180.970001
180.690002
182.410004
180.0
185.070007
185.190002
185.669998
185.949997
189.050003
186.130005
183.619995
183.320007
181.279999
179.220001
174.630005
177.229996
179.539993
176.589996
173.669998
179.619995
180.960007
175.0
179.0
184.720001
186.210007
188.699997
188.759995
188.0
189.5
187.479996
186.570007
187.070007
185.990005
183.630005
184.699997
183.539993
183.149994
183.130005
181.050003
180.75
182.149994
182.020004
179.320007
176.440002
178.339996
179.339996
181.279999
185.0
184.300003
187.059998
187.229996
186.889999
183.830002
183.660004
184.059998
182.809998
186.100006
189.080002
185.570007
186.339996
193.610001
197.850006
193.25
197.199997
200.0
197.589996
200.0
199.289993
199.339996
199.789993
195.050003
194.490005
192.720001
193.020004
187.929993
183.75
183.130005
182.550003
186.410004
180.830002
179.850006
182.5
183.199997
181.710007
186.979996
184.070007
167.899994
161.020004
161.929993
162.770004
165.800003
166.940002
166.800003
170.229996
170.100006
177.589996
177.059998
178.220001
178.880005
180.110001
176.130005
177.039993
175.5
173.119995
170.800003
172.119995
178.5
176.25
173.330002
177.889999
171.389999
175.399994
179.550003
184.520004
187.0
186.490005
184.889999
186.880005
186.429993
189.869995
191.600006
193.880005
193.960007
192.529999
191.160004
187.970001
186.330002
185.130005
184.759995
181.960007
186.509995
180.800003
182.720001
185.169998
186.649994
188.820007
187.539993
187.690002
186.889999
187.529999
188.990005
189.070007
189.699997
184.710007
186.380005
187.830002
188.389999
190.830002
192.729996
186.399994
197.929993
195.779999
199.5
207.089996
210.050003
208.179993
206.839996
208.910004
214.100006
211.479996
202.610001
201.699997
204.610001
202.880005
198.380005
197.119995
201.449997
207.860001
205.740005
207.889999
210.710007
213.440002
218.160004
220.550003
227.029999
226.089996
225.039993
230.259995
228.970001
227.460007
232.929993
231.149994
220.520004
223.289993
224.919998
225.059998
229.050003
227.050003
223.75
221.300003
219.389999
220.220001
224.190002
227.610001
222.110001
222.130005
218.940002
218.460007
217.759995
223.350006
220.660004
225.940002
230.710007
235.009995
235.419998
234.850006
235.419998
238.149994
237.070007
234.639999
237.679993
237.419998
242.059998
236.169998
238.830002
229.149994
233.139999
232.759995
228.929993
230.369995
228.679993
226.649994
226.630005
222.880005
216.580002
212.710007
212.800003
214.350006
208.740005
212.279999
205.020004
203.800003
208.360001
200.699997
199.25
194.539993
196.589996
198.889999
193.889999
197.949997
195.740005
192.820007
195.539993
194.949997
196.210007
203.259995
205.710007
201.130005
201.360001
192.720001
190.259995
192.169998
196.009995
178.410004
171.0
175.259995
170.660004
191.100006
181.220001
184.869995
182.119995
179.589996
174.330002
172.610001
167.320007
173.179993
180.600006
186.539993
188.990005
187.699997
187.389999
184.419998
190.199997
189.979996
186.350006
185.009995
188.710007
192.080002
193.059998
208.639999
211.369995
210.25
205.169998
205.589996
206.160004
204.070007
201.119995
203.100006
200.990005
206.020004
204.720001
205.699997
205.009995
206.649994
205.710007
207.229996
207.910004
213.570007
216.979996
217.610001
213.199997
213.240005
212.100006
216.100006
214.820007
212.520004
209.690002
208.470001
212.770004
211.990005
217.119995
223.300003
219.389999
220.460007
219.919998
223.410004
223.470001
219.360001
222.539993
222.259995
225.020004
225.690002
226.350006
223.190002
223.880005
226.130005
229.300003
227.470001
228.289993
232.229996
231.440002
232.789993
231.009995
230.190002
234.110001
214.75
211.649994
213.75
222.309998
223.130005
222.690002
221.300003
221.470001
224.559998
230.979996
231.029999
231.490005
228.009995
223.809998
221.949997
228.839996
227.940002
228.710007
229.119995
231.600006
229.0
225.339996
225.990005
235.679993
232.330002
235.839996
238.240005
230.330002
229.949997
228.149994
231.429993
234.050003
231.619995
231.229996
231.479996
227.630005
220.710007
220.210007
218.149994
219.779999
222.169998
219.570007
220.630005
222.410004
219.509995
220.899994
221.779999
225.220001
227.740005
216.369995
220.070007
216.389999
215.570007
214.470001
213.039993
216.479996
222.029999
217.949997
221.089996
224.210007
226.970001
229.25
230.300003
222.860001
244.220001
254.0
249.320007
250.199997
243.039993
244.410004
248.399994
249.100006
244.199997
237.580002
234.690002
232.869995
222.550003
222.690002
217.139999
220.690002
226.279999
229.669998
229.160004
233.220001
233.880005
234.419998
232.380005
229.110001
229.529999
226.889999
227.919998
231.779999
230.279999
226.190002
222.539993
222.559998
221.270004
226.759995
227.350006
228.429993
232.139999
232.380005
232.520004
232.070007
232.529999
230.820007
226.5
233.059998
240.929993
241.559998
246.289993
247.380005
246.470001
242.600006
236.649994
238.179993
239.119995
231.0
231.309998
234.339996
239.160004
238.419998
244.679993
243.009995
241.729996
239.300003
242.960007
238.619995
232.990005
222.690002
210.320007
208.720001
206.960007
204.080002
199.600006
198.789993
201.149994
204.789993
204.860001
210.110001
205.270004
208.559998
210.639999
207.919998
210.0
208.389999
208.729996
216.820007
218.940002
213.210007
213.490005
214.330002
212.649994
209.529999
207.669998
211.740005
215.199997
209.869995
208.759995
205.369995
210.139999
207.240005
211.710007
207.539993
199.339996
200.949997
208.270004
210.570007
209.770004
212.789993
213.770004
221.25
233.649994
238.380005
239.889999
249.020004
248.5
249.699997
250.559998
248.279999
249.910004
255.360001
255.080002
263.98999
261.119995
259.700012
263.040009
265.059998
268.26001
272.049988
273.549988
274.98999
271.170013
272.679993
268.98999
265.820007
270.130005
267.220001
264.140015
264.859985
259.339996
265.01001
268.459991
266.320007
265.290009
271.850006
274.0
270.640015
270.6400146484375
270.6400146484375
270.6400146484375
270.6400146484375
270.6400146484375
270.6400146484375
270.6400146484375
270.6400146484375
270.6400146484375
270.6400146484375
270.6400146484375
270.6400146484375
270.6400146484375
270.6400146484375
270.6400146484375
270.6400146484375
270.6400146484375
270.6400146484375
270.6400146484375
270.6400146484375
270.6400146484375
270.6400146484375
270.6400146484375
270.6400146484375
270.6400146484375
270.6400146484375
270.6400146484375
270.6400146484375
270.6400146484375
270.6400146484375
270.6400146484375
270.6400146484375
270.6400146484375
270.6400146484375
270.6400146484375
270.6400146484375
270.6400146484375
270.6400146484375
270.6400146484375
270.6400146484375
270.6400146484375
270.6400146484375
270.6400146484375
270.6400146484375
270.6400146484375
270.6400146484375
270.6400146484375
270.6400146484375
270.6400146484375
270.6400146484375
270.6400146484375
270.6400146484375
270.6400146484375
270.6400146484375
270.6400146484375
270.6400146484375
270.6400146484375
270.6400146484375
270.6400146484375
270.6400146484375
270.6400146484375
270.6400146484375
270.6400146484375
270.6400146484375
270.6400146484375
270.6400146484375
270.6400146484375
270.6400146484375
270.6400146484375
270.6400146484375
270.6400146484375
270.6400146484375
270.6400146484375
270.6400146484375
270.6400146484375
270.6400146484375
270.6400146484375
270.6400146484375
270.6400146484375
270.6400146484375
270.6400146484375
270.6400146484375
270.6400146484375
270.6400146484375
270.6400146484375
270.6400146484375
270.6400146484375
270.6400146484375
270.6400146484375
270.6400146484375
270.6400146484375
270.6400146484375
270.6400146484375
270.6400146484375
270.6400146484375
270.6400146484375
270.6400146484375
270.6400146484375
270.6400146484375
270.6400146484375
270.6400146484375
270.6400146484375
270.6400146484375
270.6400146484375
270.6400146484375
270.6400146484375
270.6400146484375
270.6400146484375
270.6400146484375
270.6400146484375
270.6400146484375
270.6400146484375
270.6400146484375
270.6400146484375
270.6400146484375
270.6400146484375
270.6400146484375
270.6400146484375
270.6400146484375
270.6400146484375
270.6400146484375
270.6400146484375
270.6400146484375
270.6400146484375
270.6400146484375
270.6400146484375
270.6400146484375
270.6400146484375
270.6400146484375
270.6400146484375
270.6400146484375
270.6400146484375
270.6400146484375
270.6400146484375
270.6400146484375
270.6400146484375
270.6400146484375
270.6400146484375
270.6400146484375
270.6400146484375
270.6400146484375
270.6400146484375
270.6400146484375
270.6400146484375
270.6400146484375
270.6400146484375
270.6400146484375
270.6400146484375
270.6400146484375
270.6400146484375
270.6400146484375
270.6400146484375
270.6400146484375
270.6400146484375
270.6400146484375
270.6400146484375
270.6400146484375
270.6400146484375
270.6400146484375
270.6400146484375
270.6400146484375
270.6400146484375
270.6400146484375
270.6400146484375
270.6400146484375
270.6400146484375
270.6400146484375
270.6400146484375
270.6400146484375
270.6400146484375
270.6400146484375
270.6400146484375
270.6400146484375
270.6400146484375
270.6400146484375
270.6400146484375
270.6400146484375
270.6400146484375
270.6400146484375
270.6400146484375
270.6400146484375
270.6400146484375
270.6400146484375
270.6400146484375
270.6400146484375
270.6400146484375
270.6400146484375
270.6400146484375
270.6400146484375
270.6400146484375
270.6400146484375
270.6400146484375
270.6400146484375
270.6400146484375
270.6400146484375
270.6400146484375
270.6400146484375
270.6400146484375
270.6400146484375
270.6400146484375
270.6400146484375
270.6400146484375
270.6400146484375
270.6400146484375
270.6400146484375
270.6400146484375
270.6400146484375
270.6400146484375
270.6400146484375
270.6400146484375
270.6400146484375
270.6400146484375
270.6400146484375
270.6400146484375
270.6400146484375
270.6400146484375
270.6400146484375
270.6400146484375
270.6400146484375
270.6400146484375
270.6400146484375
270.6400146484375
270.6400146484375
270.6400146484375
270.6400146484375
270.6400146484375
270.6400146484375
270.6400146484375
270.6400146484375
270.6400146484375
270.6400146484375
270.6400146484375
270.6400146484375
270.6400146484375
270.6400146484375
270.6400146484375
270.6400146484375
270.6400146484375
270.6400146484375
270.6400146484375
270.6400146484375
270.6400146484375
270.6400146484375
270.6400146484375
270.6400146484375
270.6400146484375
270.6400146484375
270.6400146484375
270.6400146484375
270.6400146484375
270.6400146484375
270.6400146484375
270.6400146484375
270.6400146484375
270.6400146484375
270.6400146484375
270.6400146484375
270.6400146484375
270.6400146484375
270.6400146484375
270.6400146484375
270.6400146484375
270.6400146484375
270.6400146484375
270.6400146484375
270.6400146484375
270.6400146484375
270.6400146484375
270.6400146484375
270.6400146484375
270.6400146484375
270.6400146484375
270.6400146484375
270.6400146484375
270.6400146484375
270.6400146484375
270.6400146484375
270.6400146484375
270.6400146484375
270.6400146484375
270.6400146484375
270.6400146484375
270.6400146484375
270.6400146484375
270.6400146484375
270.6400146484375
270.6400146484375
261.260009765625
261.260009765625
261.260009765625
261.260009765625
261.260009765625
261.260009765625
261.260009765625
261.260009765625
261.260009765625
261.260009765625
261.260009765625
261.260009765625
261.260009765625
261.260009765625
261.260009765625
261.260009765625
261.260009765625
261.260009765625
261.260009765625
261.260009765625
261.260009765625
261.260009765625
261.260009765625
261.260009765625
261.260009765625
261.260009765625
261.260009765625
261.260009765625
261.260009765625
261.260009765625
261.260009765625
261.260009765625
261.260009765625
261.260009765625
261.260009765625
261.260009765625
261.260009765625
261.260009765625
261.260009765625
261.260009765625
261.260009765625
261.260009765625
261.260009765625
261.260009765625
261.260009765625
261.260009765625
261.260009765625
261.260009765625
261.260009765625
261.260009765625
261.260009765625
261.260009765625
261.260009765625
261.260009765625
261.260009765625
261.260009765625
261.260009765625
261.260009765625
261.260009765625
261.260009765625
261.260009765625
261.260009765625
261.260009765625
261.260009765625
261.260009765625
261.260009765625
261.260009765625
261.260009765625
261.260009765625
261.260009765625
261.260009765625
261.260009765625
261.260009765625
261.260009765625
261.260009765625
261.260009765625
261.260009765625
261.260009765625
261.260009765625
261.260009765625
261.260009765625
261.260009765625
261.260009765625
261.260009765625
261.260009765625
261.260009765625
261.260009765625
261.260009765625
261.260009765625
261.260009765625
261.260009765625
261.260009765625
261.260009765625
261.260009765625
261.260009765625
261.260009765625
261.260009765625
261.260009765625
261.260009765625
261.260009765625
261.260009765625
261.260009765625
261.260009765625
261.260009765625
261.260009765625
261.260009765625
261.260009765625
261.260009765625
261.260009765625
261.260009765625
261.260009765625
261.260009765625
261.260009765625
261.260009765625
261.260009765625
261.260009765625
261.260009765625
261.260009765625
261.260009765625
261.260009765625
261.260009765625
261.260009765625
261.260009765625
261.260009765625
261.260009765625
261.260009765625
261.260009765625
261.260009765625
261.260009765625
261.260009765625
261.260009765625
261.260009765625
261.260009765625
261.260009765625
261.260009765625
261.260009765625
261.260009765625
261.260009765625
261.260009765625
261.260009765625
256.5199890136719
256.5199890136719
256.5199890136719
