0.032053
0.027119
0.027437
0.023977
0.025808
0.02623
0.026445
0.02758
0.025773
0.026369
0.028084
0.029581
0.02833
0.028549
0.027444
0.028382
0.030447
0.036332
0.050593
0.119744
0.089718
0.119883
0.131352
0.132351
0.131807
0.13587
0.127488
0.117839
0.105501
0.115465
0.119609
0.110281
0.121383
0.133891
0.134281
0.240753
0.213467
0.404665
0.513011
0.518198
0.531273
0.486151
0.477851
0.40715
0.414027
0.390029
0.416363
0.428465
0.414176
0.407701
0.529299
0.639243
0.719695
0.728657
0.782587
1.07966
1.11412
0.999559
1.02715
1.00852
0.899002
0.814743
0.793121
0.688412
0.897508
0.884124
0.802262
0.778587
0.626493
0.629102
0.659843
0.650498
0.70751
0.613163
0.570458
0.56307
0.622208
0.637495
0.623382
0.616833
0.670286
0.623204
0.531913
0.519315
0.421672
0.390534
0.438836
0.379303
0.327371
0.369753
0.340447
0.356584
0.391602
0.405872
0.369769
0.384315
0.373314
0.396908
0.409368
0.40381
0.419883
0.385618
0.391472
0.378779
0.364441
0.337871
0.345258
0.322966
0.344033
0.338335
0.335536
0.312581
0.304397
0.293504
0.297106
0.300787
0.297622
0.285357
0.247281
0.221743
0.222207
0.209873
0.223498
0.223722
0.223026
0.199562
0.185709
0.178878
0.154763
0.156155
0.197648
0.204947
0.213189
0.203481
0.189259
0.189201
0.184605
0.167806
0.154926
0.160058
0.146882
0.147209
0.155919
0.150768
0.156385
0.172447
0.155356
0.148758
0.144451
0.148794
0.156599
0.153106
0.156347
0.166029
0.212233
0.200532
0.200853
0.22139
0.256646
0.243724
0.260341
0.272358
0.301247
0.29058
0.285535
0.288473
0.312875
0.271654
0.294295
0.288489
0.357874
0.365057
0.343318
0.358693
0.37242
0.369709
0.360182
0.366338
0.350021
0.335176
0.328352
0.323593
0.297089
0.260127
0.270932
0.28589
0.273434
0.260155
0.256375
0.243664
0.245544
0.243271
0.256136
0.24884
0.224408
0.202873
0.208989
0.200655
0.196567
0.193557
0.174783
0.20319
0.211143
0.225214
0.222507
0.227742
0.228154
0.214012
0.220467
0.215721
0.211119
0.205358
0.202091
0.176868
0.18128
0.166585
0.160408
0.172375
0.162747
0.162962
0.16138
0.164117
0.167185
0.161985
0.158556
0.139839
0.137868
0.132703
0.135269
0.126099
0.127444
0.11932
0.12572
0.137671
0.142208
0.158278
0.150655
0.15096
0.148921
0.146084
0.150373
0.145389
0.139971
0.128792
0.131483
0.127181
0.137887
0.137092
0.142262
0.156118
0.170865
0.179378
0.180869
0.162175
0.163637
0.170277
0.164028
0.173172
0.172731
0.164765
0.16554
0.16338
0.163313
0.154087
0.143297
0.140901
0.131941
0.130255
0.127547
0.131721
0.130553
0.125378
0.113752
0.123507
0.116355
0.112439
0.11297
0.10291
0.094662
0.09504
0.095331
0.109887
0.099785
0.102437
0.093764
0.095003
0.090149
0.092453
0.094077
0.094282
0.093338
0.100264
0.10548
0.105469
0.10056
0.102196
0.106827
0.104432
0.103607
0.105265
0.087569
0.088666
0.083983
0.078235
0.076643
0.073508
0.070513
0.066745
0.069829
0.068248
0.069322
0.069963
0.063899
0.06943
0.07235
0.081493
0.087606
0.083193
0.089754
0.082754
0.081028
0.079476
0.086001
0.084032
0.084606
0.085195
0.084469
0.082525
0.080789
0.081304
0.082991
0.081303
0.084658
0.086607
0.086357
0.084679
0.070939
0.073214
0.073103
0.071293
0.074789
0.075814
0.077408
0.075131
0.075836
0.076342
0.075873
0.075776
0.074743
0.074321
0.073859
0.073713
0.072886
0.073166
0.069627
0.069647
0.069705
0.070867
0.072584
0.071479
0.076229
0.076148
0.080952
0.078544
0.076493
0.074226
0.075221
0.076481
0.076001
0.073603
0.064824
0.063543
0.061151
0.060675
0.061916
0.052582
0.044777
0.04778
0.044255
0.043412
0.038458
0.037725
0.035806
0.036461
0.042021
0.041866
0.038916
0.041468
0.041672
0.038671
0.037699
0.034251
0.030798
0.029864
0.030678
0.031693
0.030203
0.029551
0.030609
0.02919
0.028358
0.028274
0.029103
0.032824
0.034735
0.034545
0.039401
0.040796
0.042009
0.04423
0.045716
0.041511
0.041198
0.036944
0.041862
0.041508
0.04328
0.041063
0.042547
0.045258
0.042682
0.043812
0.044701
0.049261
0.047996
0.048525
0.052169
0.044529
0.044147
0.043704
0.040241
0.044059
0.04281
0.044777
0.045318
0.044316
0.04575
0.043477
0.042937
0.043578
0.0429
0.043027
0.042691
0.042649
0.041168
0.038772
0.038251
0.039656
0.038374
0.038678
0.039317
0.038029
0.037857
0.037896
0.036663
0.036396
0.040751
0.041058
0.04283
0.041733
0.041751
0.041118
0.04054
0.0406
0.041026
0.041452
0.045605
0.046158
0.047551
0.044969
0.046163
0.048593
0.042456
0.044043
0.043304
0.04327
0.043123
0.043279
0.042838
0.042312
0.040602
0.043212
0.042843
0.042944
0.042664
0.046728
0.045698
0.047633
0.047397
0.04659
0.048055
0.050077
0.051621
0.050207
0.050452
0.052594
0.053891
0.0529
0.058062
0.063781
0.061704
0.059025
0.06237
0.067595
0.065828
0.071289
0.071739
0.069746
0.07233
0.085467
0.090723
0.08737
0.091226
0.090289
0.090484
0.087009
0.083749
0.089964
0.083385
0.083463
0.083731
0.084643
0.082307
0.083783
0.083074
0.081775
0.0795
0.076506
0.074106
0.07804
0.074524
0.072645
0.069244
0.069219
0.070196
0.068591
0.064631
0.070346
0.069014
0.068579
0.069858
0.06688
0.066146
0.06678
0.064036
0.064606
0.061691
0.063428
0.075171
0.070086
0.073072
0.084505
0.093951
0.088161
0.08326
0.079104
0.086996
0.084848
0.084617
0.077955
0.08069
0.080869
0.080502
0.086014
0.091695
0.092815
0.090867
0.08451
0.089441
0.090533
0.096578
0.088708
0.082486
0.083438
0.083472
0.085807
0.084213
0.07947
0.085537
0.087965
0.096525
0.089739
0.090619
0.091683
0.092321
0.093557
0.089148
0.089979
0.087385
0.089562
0.094367
0.096644
0.097719
0.096357
0.09682
0.086449
0.089295
0.090422
0.082098
0.083822
0.081077
0.082998
0.077774
0.076532
0.077335
0.079964
0.080476
0.077993
0.07194
0.065199
0.069754
0.06677
0.059429
0.059537
0.052052
0.055239
0.058772
0.059787
0.062958
0.061203
0.059466
0.055812
0.059046
0.058664
0.062884
0.059871
0.059474
0.060393
0.059944
0.060152
0.058872
0.057412
0.057763
0.056271
0.05668
0.053369
0.051906
0.05197
0.047641
0.051981
0.054981
0.052938
0.052561
0.047
0.047519
0.046841
0.047393
0.050731
0.050298
0.049195
0.047113
0.04941
0.04979
0.050177
0.049439
0.049697
0.049839
0.045825
0.044697
0.044825
0.04499
0.044543
0.045362
0.046771
0.045517
0.044437
0.044415
0.046198
0.046719
0.046931
0.04651
0.04499
0.045452
0.045753
0.046524
0.046799
0.047071
0.049008
0.053292
0.052504
0.05234
0.051922
0.049111
0.046264
0.037573
0.039396
0.038229
0.039532
0.038827
0.037486
0.038885
0.038507
0.039445
0.038361
0.039667
0.03973
0.039324
0.041672
0.041441
0.042629
0.041661
0.040623
0.040542
0.041325
0.041789
0.039766
0.038741
0.039524
0.038073
0.039225
0.039529
0.03928
0.038816
0.036409
0.037685
0.041246
0.040547
0.042335
0.042363
0.043444
0.041967
0.041636
0.042345
0.042599
0.04193
0.043236
0.044328
0.044956
0.043637
0.042297
0.042445
0.043958
0.043194
0.043767
0.043492
0.043119
0.043974
0.044172
0.045421
0.043802
0.042542
0.041178
0.038406
0.037148
0.038343
0.035588
0.036048
0.036993
0.039049
0.03919
0.041423
0.040425
0.039587
0.038056
0.037917
0.037405
0.037871
0.038317
0.038757
0.038948
0.037483
0.036606
0.036655
0.036723
0.037108
0.036427
0.036653
0.034269
0.0318
0.034462
0.033251
0.034004
0.033262
0.034466
0.0332
0.034162
0.033728
0.034281
0.0331
0.033632
0.034284
0.033594
0.032845
0.033458
0.032751
0.03418
0.034595
0.034721
0.037272
0.037047
0.036435
0.036359
0.036874
0.036825
0.03769
0.036966
0.04166
0.042553
0.041391
0.044978
0.044851
0.041979
0.043873
0.045989
0.045654
0.043334
0.045004
0.043248
0.044581
0.047912
0.052857
0.053514
0.05607
0.053793
0.056092
0.055768
0.056979
0.055996
0.059231
0.059757
0.05979
0.059944
0.061809
0.060394
0.063228
0.068373
0.068581
0.07058
0.063863
0.062654
0.060042
0.062597
0.057645
0.05826
0.05864
0.058336
0.06151
0.05896
0.056364
0.049453
0.049685
0.048616
0.047541
0.045932
0.048953
0.048761
0.049004
0.051057
0.051448
0.048945
0.043291
0.041482
0.041495
0.039649
0.023961
0.028437
0.026009
0.02712
0.024121
0.025243
0.025336
0.030451
0.029368
0.029414
0.027089
0.029082
0.030163
0.029438
0.030727
0.029301
0.029771
0.028249
0.029873
0.030553
0.030855
0.031984
0.032295
0.032505
0.032003
0.035616
0.035137
0.036314
0.036198
0.033215
0.033354
0.033806
0.033107
0.032974
0.031863
0.034408
0.034573
0.036553
0.035816
0.034177
0.0347
0.036559
0.040605
0.041868
0.042408
0.045879
0.046601
0.047195
0.051695
0.047846
0.05126
0.051014
0.048929
0.049664
0.049358
0.049767
0.051106
0.052303
0.051736
0.047677
0.048108
0.050421
0.051472
0.05089
0.050463
0.050932
0.051343
0.054252
0.056449
0.056875
0.052246
0.055833
0.055322
0.052641
0.054011
0.05343
0.055183
0.064559
0.06466
0.076958
0.074352
0.081168
0.078456
0.085439
0.089
0.085442
0.086026
0.086654
0.08643
0.083407
0.083531
0.07536
0.079554
0.079028
0.076748
0.078387
0.079073
0.083445
0.082174
0.079603
0.079339
0.078475
0.08361
0.08295
0.082583
0.081691
0.080561
0.077679
0.080392
0.08387
0.083116
0.095954
0.094326
0.096538
0.099952
0.098211
0.105221
0.117554
0.129908
0.124293
0.118316
0.125214
0.126783
0.124156
0.131963
0.130369
0.125922
0.122486
0.122477
0.123712
0.117924
0.122965
0.123922
0.123773
0.121888
0.143578
0.148108
0.138771
0.148598
0.139879
0.140588
0.138798
0.143573
0.133505
0.137335
0.143018
0.142695
0.144048
0.139155
0.145781
0.145244
0.143855
0.137436
0.137398
0.141245
0.138338
0.138303
0.138471
0.14092
0.137427
0.129275
0.133642
0.12376
0.125276
0.121595
0.124488
0.113292
0.115285
0.106824
0.109453
0.116712
0.117437
0.122688
0.125411
0.115613
0.096154
0.102445
0.089923
0.09306
0.093333
0.091011
0.093349
0.097156
0.096989
0.097598
0.094856
0.096769
0.093496
0.09165
0.094217
0.091081
0.091657
0.089433
0.080428
0.081754
0.076763
0.082817
0.096845
0.095564
0.101287
0.100667
0.101181
0.101062
0.097865
0.092921
0.093413
0.096348
0.097544
0.092808
0.0938
0.096152
0.101925
0.105025
0.106538
0.110034
0.108852
0.107297
0.106635
0.104064
0.106104
0.107388
0.108677
0.102494
0.106187
0.110572
0.108083
0.108075
0.106351
0.103097
0.102827
0.098977
0.095376
0.093369
0.093056
0.098197
0.092143
0.093434
0.095369
0.096994
0.109105
0.101379
0.106621
0.105325
0.105805
0.105965
0.104525
0.106391
0.104202
0.100531
0.104008
0.1096
0.106403
0.105866
0.118226
0.132945
0.14476
0.15351
0.166323
0.155162
0.138281
0.141028
0.164791
0.166639
0.171308
0.155983
0.158557
0.164212
0.148241
0.159668
0.158867
0.15413
0.140928
0.148165
0.141994
0.139449
0.14446
0.153964
0.157992
0.154305
0.167589
0.163483
0.164988
0.164714
0.161988
0.152656
0.156179
0.136394
0.152883
0.157564
0.157824
0.154422
0.176735
0.192164
0.18404
0.181397
0.17535
0.177423
0.204995
0.224762
0.258314
0.331898
0.29998
0.305597
0.332973
0.304895
0.275466
0.287003
0.313609
0.310396
0.30253
0.352444
0.379852
0.371428
0.369137
0.375394
0.310209
0.349577
0.345643
0.353881
0.343886
0.344234
0.31308
0.346129
0.348131
0.362619
0.344898
0.402033
0.426247
0.4414
0.441051
0.537874
0.627886
0.663238
0.682511
0.703516
0.930318
0.927741
0.925587
0.905719
0.848419
0.861012
0.870951
0.89092
0.914119
0.927649
1.122958
1.10052
1.099151
0.954709
1.051657
1.079116
1.241105
1.32486
1.308059
1.292388
1.225582
1.216593
1.114868
1.168523
1.131012
1.133367
1.118053
1.195161
1.135003
1.12479
1.039144
1.103314
1.059154
1.033539
1.242953
1.378673
1.239006
1.30217
1.206541
1.18914
1.109874
1.121552
1.075002
1.101574
1.213969
1.176577
1.191124
1.202541
1.213317
1.193264
1.189244
1.196509
1.173277
1.19142
1.2143
1.255354
1.175149
1.219436
1.20354
1.218758
1.266735
1.316127
1.411786
1.45542
1.481588
1.416949
1.384869
1.275501
1.197959
1.265934
1.206735
1.147017
1.155702
1.101355
1.08825
1.234019
1.306927
1.335666
1.308014
1.352449
1.353071
1.326812
1.36203
1.274111
1.475529
1.650124
1.653453
1.619554
1.770562
1.644696
1.764077
1.552775
1.933668
2.004796
2.174027
2.309113
2.032226
2.003662
1.482521
1.810469
1.552277
1.463622
1.325436
1.549485
1.555369
1.782702
1.64596
1.511987
1.406232
1.577279
1.742778
1.734753
1.752824
1.840471
1.710908
1.659009
1.678248
1.564106
1.58803
1.624826
1.531857
1.436378
1.48022
1.558359
1.57511
1.597756
1.482573
1.482194
1.415396
1.39057
1.429188
1.17748
1.153254
1.252896
1.356087
1.256478
1.25044
1.335202
1.324752
1.368437
1.383472
1.335611
1.394397
1.406836
1.458184
1.404898
1.418053
1.403118
1.330146
1.349474
1.336085
1.348145
1.315099
1.265083
1.262258
1.223192
1.173715
1.172302
1.183698
1.121116
1.056291
1.168098
1.186161
1.206307
1.233497
1.228501
1.258493
1.278446
1.283504
1.284084
1.308952
1.322345
1.31773
1.310068
1.365026
1.376564
1.386145
1.401786
1.470677
1.42783
1.47764
1.672566
1.798038
1.823878
2.136079
2.191687
2.169153
2.079417
1.926601
2.10856
2.42814
2.457702
2.435435
2.713725
2.917386
2.721091
2.738132
2.535528
2.944197
2.84749
2.855986
2.73316
2.772475
2.870767
2.963438
2.968239
2.832807
2.910824
2.831897
2.502491
2.474989
2.517666
2.385911
2.63395
2.581727
2.400663
2.395638
2.501635
2.420969
2.346419
2.369978
2.282299
2.063989
1.987028
2.266182
2.330941
2.281269
2.301541
2.208495
2.135905
2.039139
2.065688
2.114452
2.258127
2.251459
2.252873
2.189235
2.233124
2.212155
2.276995
2.237176
2.266615
2.197214
2.173389
2.11919
2.189053
2.170363
2.214651
2.177713
2.156963
2.128263
2.112962
2.18595
2.136591
2.154199
2.166815
2.123435
2.144066
2.138777
1.913237
1.988219
2.012187
1.957422
1.965026
1.950002
1.971377
2.063701
1.984882
1.986206
2.006609
2.021872
2.124419
2.273483
2.101802
2.085524
2.045766
2.053104
2.040853
2.015587
1.877235
1.87554
1.788331
1.864793
1.921736
1.839763
1.776555
1.750503
1.686423
1.651345
1.52842
1.546118
1.592855
1.602508
1.554903
1.547713
1.715366
1.556555
1.420706
1.378105
1.425393
1.381941
1.397074
1.29044
1.211689
1.354248
1.347282
1.225348
1.222835
1.311847
1.240534
1.219892
1.242534
1.244661
1.23824
1.280859
1.328041
1.474691
1.392367
1.453495
1.456045
1.512913
1.402264
1.330814
1.360415
1.310209
1.376975
1.377584
1.321637
1.311658
1.236002
1.279782
1.211547
1.187512
1.17386
1.128052
1.18511
1.304535
1.233161
1.290926
1.296263
1.407251
1.594131
1.465541
1.341757
1.258055
1.123233
1.066716
1.122371
1.066598
1.043574
1.079047
1.043533
1.050606
1.05957
1.037473
1.052303
1.088624
1.028906
1.056444
1.135624
1.127345
1.144547
1.197307
1.17872
1.19481
1.152478
1.080347
1.058199
1.045819
1.050267
1.107586
1.084981
1.019895
0.997113
0.997703
0.932902
0.858236
0.889017
0.869169
0.853425
0.898027
0.887918
0.858335
0.959828
0.962346
0.938662
0.902659
0.842889
0.865672
0.823752
0.797379
0.80125
0.849293
0.806316
0.790125
0.790674
0.790995
0.803917
0.800006
0.838374
0.836784
0.853433
0.901099
0.877092
0.916782
0.97644
1.107482
1.130011
1.097888
1.150594
1.182148
1.170184
1.191112
1.190385
1.141851
1.165425
1.156007
1.185941
1.212945
1.170801
1.052771
1.091894
1.026326
1.045015
1.030885
0.92045
0.955145
0.974696
0.932412
0.954717
0.95264
0.917466
0.93673
0.953333
0.937341
0.910474
0.907154
0.888503
0.88635
0.898695
0.827645
0.840595
0.84395
0.805043
0.75666
0.790344
0.781529
0.771145
0.896942
0.791152
0.783359
0.761882
0.739563
0.610088
0.628963
0.5128
0.473746
0.528877
0.539358
0.5975
0.556716
0.578077
0.505615
0.533321
0.517907
0.528314
0.542618
0.512605
0.521224
0.513877
0.480883
0.455507
0.464764
0.481126
0.570073
0.625254
0.55275
0.587795
0.559658
0.566069
0.56709
0.609328
0.615445
0.641614
0.63292
0.574216
0.552777
0.496861
0.463133
0.484386
0.533296
0.475022
0.487392
0.456182
0.484364
0.492261
0.479204
0.458568
0.480292
0.499224
0.498946
0.489653
0.48579
0.469671
0.465509
0.458849
0.448089
0.456351
0.455587
0.469644
0.457632
0.462179
0.477812
0.467311
0.47876
0.46322
0.43552
0.417928
0.438108
0.441025
0.442456
0.45723
0.447353
0.492543
0.515768
0.491043
0.500098
0.483946
0.517368
0.513814
0.47625
0.467607
0.510553
0.513328
0.523335
0.525576
0.51702
0.514123
0.496833
0.500988
0.499668
0.517503
0.511256
0.52747
0.536596
0.514052
0.537093
0.531258
0.540753
0.559813
0.570343
0.551171
0.557915
0.537038
0.512633
0.45098
0.451388
0.463546
0.461446
0.465207
0.458109
0.464999
0.430863
0.449703
0.430049
0.450703
0.452169
0.446665
0.457481
0.454559
0.480387
0.503084
0.499121
0.463066
0.479282
0.479274
0.50292
0.512422
0.509752
0.501546
0.468881
0.481376
0.465644
0.474126
0.487156
0.447186
0.453504
0.441899
0.441159
0.458966
0.461821
0.4516
0.446188
0.446757
0.44189
0.43729
0.43817
0.434414
0.430293
0.419633
0.427998
0.435765
0.431273
0.428687
0.42432
0.421736
0.423072
0.401801
0.39054
0.3813
0.377638
0.366851
0.363744
0.370281
0.372345
0.36182
0.350032
0.340254
0.349077
0.351409
0.362099
0.357857
0.401988
0.403492
0.388697
0.404507
0.419778
0.406047
0.406336
0.401402
0.386076
0.38942
0.421525
0.426735
0.403005
0.404259
0.371834
0.317837
0.368977
0.354667
0.339144
0.330127
0.331849
0.337009
0.332382
0.324859
0.326221
0.328512
0.312307
0.304548
0.311922
0.318317
0.316458
0.314989
0.31379
0.312454
0.3067
0.309372
0.318883
0.314484
0.319407
0.319654
0.32275
0.319517
0.318464
0.31032
0.314843
0.311677
0.312606
0.307711
0.306949
0.312865
0.308134
0.300201
0.26407
0.2669
0.266335
0.252944
0.259007
0.253154
0.256523
0.259429
0.259368
0.25927
0.265297
0.26037
0.248378
0.24414
0.245557
0.246466
0.249771
0.253828
0.252796
0.267677
0.269102
0.278652
0.277105
0.295218
0.317102
0.322496
0.322749
0.329758
0.345771
0.352552
0.350368
0.35004
0.345761
0.326835
0.339099
0.364586
0.369026
0.376594
0.375504
0.359297
0.37341
0.380059
0.388979
0.382351
0.396313
0.372511
0.390926
0.397243
0.397563
0.404336
0.399726
0.392472
0.382421
0.39921
0.394033
0.362531
0.358635
0.369202
0.364296
0.359627
0.386441
0.418115
0.387902
0.403943
0.406331
0.400107
0.404003
0.392417
0.388921
0.383023
0.365819
0.362364
0.368973
0.364899
0.352454
0.360356
0.350206
0.342737
0.336499
0.337102
0.330821
0.330483
0.317577
0.309678
0.315342
0.307327
0.331539
0.344585
0.344308
0.324637
0.325383
0.350524
0.337711
0.34601
0.332595
0.371236
0.360613
0.372045
0.360083
0.351996
0.356245
0.34551
0.368354
0.381589
0.376459
0.398923
0.385388
0.381753
0.387139
0.389683
0.392364
0.38321
0.383643
0.385635
0.389693
0.396989
0.401456
0.406563
0.425759
0.43833
0.45328
0.451755
0.434167
0.443752
0.415793
0.400731
0.382939
0.396153
0.389
0.383916
0.394919
0.401498
0.409843
0.404932
0.402784
0.397354
0.386857
0.391773
0.393942
0.387448
0.394684
0.380119
0.376906
0.365828
0.363806
0.369937
0.360039
0.370463
0.365031
0.370761
0.367482
0.36783
0.375425
0.372078
0.368215
0.366357
0.360363
0.367997
0.370484
0.364234
0.358416
0.362884
0.366774
0.382999
0.379138
0.377934
0.374403
0.364724
0.378304
0.376028
0.377693
0.352015
0.353715
0.322278
0.323157
0.295401
0.276194
0.27263
0.275048
0.274986
0.263226
0.261957
0.263185
0.266928
0.260963
0.263048
0.270329
0.287
0.290313
0.296482
0.290012
0.292325
0.280354
0.28652
0.267169
0.275564
0.286956
0.29234
0.292055
0.296311
0.292615
0.284471
0.2797
0.284525
0.290651
0.284591
0.287991
0.292818
0.288758
0.357658
0.328801
0.326365
0.314884
0.312489
0.307399
0.323513
0.316093
0.313292
0.309772
0.317163
0.305309
0.304017
0.306641
0.307525
0.310201
0.312765
0.315633
0.307488
0.309951
0.299389
0.292576
0.293388
0.293629
0.292082
0.290296
0.297745
0.30114
0.29613
0.29345
0.291837
0.289531
0.290611
0.281817
0.274532
0.255958
0.263892
0.268378
0.270709
0.263179
0.258366
0.267965
0.265884
0.26108
0.260953
0.263446
0.267434
0.272449
0.265654
0.255373
0.255185
0.25623
0.255793
0.256146
0.257614
0.257667
0.25772
0.25437
0.253492
0.249052
0.241873
0.24587
0.248884
0.251181
0.250643
0.250436
0.247316
0.251743
0.25526
0.25163
0.245455
0.244922
0.246133
0.243026
0.245881
0.245395
0.244791
0.24912
0.249536
0.254047
0.265895
0.259513
0.261028
0.259315
0.260149
0.264872
0.258735
0.256629
0.251642
0.249141
0.248001
0.245922
0.246146
0.247011
0.247356
0.251563
0.247115
0.243453
0.246923
0.251138
0.258585
0.263573
0.279954
0.278993
0.280556
0.287292
0.289468
0.29125
0.295283
0.302734
0.293107
0.307459
0.323142
0.329021
0.328542
0.34287
0.363408
0.351571
0.35835
0.368335
0.38621
0.384564
0.383383
0.358415
0.35787
0.379292
0.371766
0.366609
0.377694
0.384525
0.380682
0.358631
0.38066
0.386675
0.386213
0.394811
0.388185
0.378359
0.385624
0.381776
0.375895
0.384202
0.397798
0.395155
0.406811
0.425658
0.442406
0.456432
0.545921
0.5786
0.594155
0.551021
0.576407
0.665244
0.643478
0.601408
0.607609
0.580314
0.601033
0.5766
0.589329
0.636599
0.624216
0.614548
0.593955
0.625721
0.608799
0.633535
0.617422
0.608494
0.601964
0.594205
0.62311
0.605667
0.557286
0.570567
0.541242
0.523103
0.494174
0.540936
0.511527
0.566647
0.582179
0.547333
0.549336
0.525981
0.528161
0.535676
0.527029
0.501874
0.503151
0.515005
0.503105
0.478502
0.476749
0.476296
0.466479
0.485294
0.486321
0.489719
0.525275
0.514165
0.498256
0.507023
0.513958
0.512861
0.494256
0.49334
0.498463
0.501773
0.529269
0.540792
0.551412
0.54141
0.560031
0.544996
0.577302
0.608363
0.598872
0.608346
0.618734
0.631063
0.622165
0.598458
0.585902
0.583242
0.596696
0.591379
0.619736
0.624216
0.631059
0.655646
0.719081
0.740928
0.728238
0.771294
0.69349
0.733821
0.744742
0.724854
0.743713
0.717227
0.77419
0.748055
0.76458
0.750474
0.726441
0.659535
0.681099
0.661258
0.586914
0.639481
0.631868
0.613263
0.625862
0.646157
0.656949
0.665034
0.648483
0.650794
0.664403
0.644366
0.650427
0.621684
0.580987
0.571278
0.582955
0.574834
0.584338
0.589474
0.614159
0.591893
0.586255
0.586191
0.503575
0.447908
0.468911
0.460795
0.458605
0.444295
0.458144
0.468784
0.505908
0.499292
0.516885
0.500196
0.47491
0.47102
0.462729
0.467032
0.460474
0.457365
0.440812
0.449866
0.458282
0.467544
0.463577
0.458334
0.454288
0.441873
0.452553
0.463501
0.44825
0.438876
0.437653
0.43654
0.428069
0.452988
0.459695
0.482
0.482408
0.467602
0.501758
0.494774
0.483127
0.46533
0.459494
0.462072
0.458375
0.467963
0.45699
0.450995
0.446581
0.447461
0.449975
0.446494
0.457036
0.461485
0.461175
0.458102
0.449643
0.436571
0.444106
0.440461
0.421891
0.437796
0.421185
0.411683
0.413695
0.416379
0.401758
0.38358
0.383791
0.384244
0.376052
0.384812
0.380303
0.377765
0.391859
0.38475
0.390701
0.385426
0.383965
0.392192
0.402907
0.417775
0.406738
0.362859
0.349885
0.371221
0.346618
0.369007
0.375328
0.388835
0.395817
0.416524
0.441415
0.432348
0.445582
0.438189
0.436748
0.423906
0.439034
0.437637
0.446077
0.426547
0.410097
0.406847
0.394671
0.417747
0.418198
0.407387
0.404014
0.40168
0.388773
0.392706
0.363822
0.364095
0.343938
0.313155
0.330782
0.323698
0.351814
0.348547
0.346289
0.328322
0.338977
0.340154
0.335455
0.325353
0.330472
0.336886
0.334831
0.336753
0.343685
0.369059
0.376536
0.391536
0.394007
0.384979
0.366957
0.350511
0.350192
0.357041
0.347154
0.345352
0.33174
0.335968
0.318551
0.323524
0.325062
0.314718
0.325073
0.338659
0.343406
0.343477
0.353054
0.356293
0.3609
0.35448
0.338523
0.330306
0.333913
0.342936
0.350945
0.352114
0.358576
0.351772
0.363731
0.387733
0.381083
0.401882
0.402328
0.401052
0.397597
0.373214
0.352441
0.344005
0.345237
0.351398
0.35072
0.35723
0.351467
0.344517
0.339702
0.33889
0.351185
0.353215
0.348034
0.363889
0.358527
0.352525
0.343032
0.35071
0.351661
0.364841
0.360956
0.36382
0.348614
0.34631
0.324412
0.33335
0.339872
0.343796
0.355651
0.355264
0.341845
0.35709
0.347771
0.334285
0.326019
0.333924
0.363323
0.405013
0.443815
0.49368
0.590309
0.613808
0.573918
0.578775
0.580116
0.67406
0.738734
0.702325
0.73458
0.739642
0.800345
0.820474
1.010423
1.066237
1.023106
0.945689
0.961232
1.013346
1.033508
1.076858
1.078942
1.155252
1.201776
1.198126
1.18732
1.184712
1.231107
1.214196
1.196291
1.007549
1.020161
1.08889
1.125016
1.119602
1.060512
1.101708
1.078856
1.051525
0.96842
0.885502
0.951011
0.904694
0.882976
0.924246
0.93646
0.916859
0.859785
0.874768
0.887817
0.85864
0.860017
0.843765
0.917592
0.961345
1.090376
1.0714
1.093467
1.094124
0.99201
0.948031
0.90599
0.931453
0.994524
0.968555
0.944742
0.994909
1.079154
1.090099
1.135122
1.102072
0.991191
1.008644
1.004654
0.981644
0.987494
0.971494
0.977272
0.954856
0.932943
0.916115
0.941127
0.961014
0.942229
0.897944
0.80174
0.811559
0.746343
0.733209
0.705062
0.707093
0.701849
0.682701
0.710693
0.779399
0.799224
0.810742
0.800507
0.78111
0.772005
0.808025
0.752363
0.772943
0.804474
0.761371
0.774452
0.770041
0.682202
0.682582
0.645038
0.645585
0.633051
0.659265
1.129503
0.855264
0.941277
0.975356
0.907552
0.8168
0.804692
0.720149
0.672597
0.722587
0.735444
0.702289
0.738316
0.748289
0.705764
0.718092
0.702081
0.7442
0.717517
0.705117
0.700941
0.709508
0.730995
0.7452
0.728062
0.737672
0.705551
0.673922
0.660708
0.661447
0.677655
0.641639
0.650059
0.660449
0.654671
0.572793
0.585431
0.557888
0.631677
0.609388
0.624167
0.658852
0.638075
0.634874
0.609163
0.610419
0.616305
0.627445
0.627954
0.619782
0.62394
0.680404
0.697566
0.721827
0.714141
0.707521
0.703975
0.70548
0.69633
0.68193
0.705434
0.698042
0.701027
0.676692
0.662976
0.678382
0.671186
0.766604
0.777711
0.841273
0.804989
0.817638
0.83156
0.79952
0.761243
0.759268
0.742385
0.760626
0.743063
0.745729
0.770719
0.808138
0.74638
0.747192
0.759983
0.759555
0.758683
0.746894
0.722342
0.689327
0.686074
0.684974
0.689677
0.684614
0.66589
0.627574
0.656406
0.66501
0.669899
0.705052
0.715914
0.698158
0.663839
0.642136
0.624949
0.633849
0.631631
0.610449
0.603449
0.602125
0.577264
0.554315
0.540983
0.583275
0.587369
0.567081
0.554021
0.558764
0.565697
0.578086
0.572121
0.542158
0.584101
0.599088
0.572891
0.575908
0.586013
0.580238
0.588474
0.623489
0.676648
0.710526
0.708297
0.737253
0.734336
0.746823
0.764549
0.823785
0.815857
0.83034
0.858745
0.890425
0.902944
0.816231
0.805578
0.816074
0.819803
0.832008
0.790891
0.782468
0.763439
0.74006
0.715667
0.69767
0.726976
0.754808
0.726036
0.741794
0.786395
0.791181
0.804036
0.802288
0.773977
0.841204
0.905924
0.925383
0.943836
0.921282
0.961889
0.923255
0.845039
0.880822
0.851021
0.929921
0.913133
0.909607
0.837633
0.866683
0.850156
0.85775
0.827137
0.822405
0.811361
0.800186
0.834581
0.83653
0.809887
0.831069
0.818451
0.835059
0.865053
0.865032
0.884688
0.894208
0.917087
0.929843
0.888991
0.863508
0.88069
0.913092
0.925356
0.890935
0.893933
0.885275
0.825752
0.807619
0.813186
0.762789
0.792193
0.781701
0.808166
0.806797
0.807203
0.85004
0.87032
0.866315
0.839922
0.837352
0.871816
0.820902
0.838916
0.815646
0.634835
0.63218
0.701505
0.729258
0.699692
0.668802
0.644944
0.624843
0.634461
0.652551
0.663251
0.642914
0.623972
0.642845
0.655891
0.654663
0.681063
0.667365
0.646273
0.640165
0.601123
0.609165
0.612202
0.610804
0.552314
0.521496
0.546145
0.530982
0.576011
0.568423
0.578635
0.59297
0.556528
0.545261
0.531115
0.49842
0.5034
0.484845
0.465532
0.47498
0.463239
0.432399
0.409147
0.404608
0.408549
0.427842
0.421617
0.435622
0.433685
0.420231
0.415383
0.415885
0.385714
0.433964
0.450809
0.439454
0.416271
0.413931
0.416811
0.432192
0.470005
0.4539
0.425344
0.409135
0.411057
0.396584
0.388091
0.385727
0.366502
0.351425
0.37663
0.373095
0.365891
0.370807
0.362852
0.356412
0.343216
0.349582
0.369542
0.368502
0.352915
0.351117
0.33283
0.356212
0.393758
0.389375
0.400091
0.421874
0.419626
0.40189
0.395645
0.390703
0.387918
0.390285
0.385905
0.421419
0.414547
0.393482
0.395534
0.39667
0.375693
0.370125
0.350428
0.365697
0.358897
0.360099
0.358163
0.338705
0.351998
0.360304
0.357879
0.33401
0.320355
0.293496
0.286032
0.2989
0.290788
0.286301
0.244885
0.276234
0.272365
0.270263
0.269708
0.26167
0.255552
0.264224
0.272692
0.295266
0.28178
0.285491
0.280967
0.273586
0.272547
0.284907
0.280022
0.271386
0.262255
0.258758
0.296672
0.286973
0.27762
0.281615
0.27358
0.276841
0.262888
0.276102
0.268991
0.259037
0.254673
0.24925
0.254994
0.262012
0.262537
0.263198
0.265694
0.263444
0.269847
0.29038
0.289063
0.274191
0.267356
0.266119
0.257769
0.250595
0.261601
0.266189
0.270307
0.254774
0.246024
0.245659
0.239562
0.243194
0.241563
0.248058
0.239358
0.246168
0.247949
0.250427
0.24609
0.263792
0.250711
0.253818
0.254259
0.249663
0.236272
0.248573
0.239667
0.245906
0.259244
0.258863
0.249508
0.242524
0.248288
0.24965
0.24856
0.250009
0.250448
0.25027
0.252328
0.248151
0.246805
0.244517
0.24618
0.248119
0.250082
0.249435
0.249894
0.262138
0.266713
0.262623
0.27326
0.270789
0.282501
0.280534
0.270914
0.264659
0.270159
0.261488
0.255041
0.251876
0.251354
0.248224
0.249001
0.250257
0.242423
0.245876
0.242129
0.243461
0.239801
0.237062
0.234416
0.232599
0.235442
0.2345
0.2344
0.23455
0.2341
0.234
0.2338
0.2339
0.2339
0.23395
0.23405
0.2339
0.23385
0.23385
0.23395
0.234
0.234
0.23395
0.23395
0.23355
0.23355
0.23345
0.23355
0.23355
0.2337
0.2338
0.2337
0.23385
0.23375
0.23345
0.23345
0.23345
0.23345
0.23335
0.2331
0.233
0.23325
0.23325
0.23335
0.2334
0.23335
0.2335
0.2333
0.23295
0.2329
0.2327
0.2328
0.23305
0.23305
0.2331
0.23305
0.23285
0.2328
0.2325
0.2325
0.23225
0.2325
0.2328
0.2327
0.2326
0.23255
0.2324
0.2326
0.23255
0.2324
0.2323
0.2323
0.23235
0.23235
0.2324
0.23255
0.23245
0.23255
0.23275
0.23265
0.23265
0.23265
0.23265
0.23295
0.23275
0.23265
0.23255
0.23255
0.2326
0.23265
0.2326
0.2326
0.2323
0.232
0.23195
0.2321
0.23215
0.2323
0.23235
0.2325
0.23225
0.23225
0.2323
0.23245
0.2323
0.23235
0.23255
0.2327
0.23255
0.23255
0.2325
0.23265
0.2329
0.2327
0.2327
0.2329
0.233
0.23315
0.2332
0.2332
0.23315
0.2331
0.23305
0.23295
0.23295
0.233
0.2332
0.23315
0.2331
0.2331
0.23305
0.23305
0.233
0.233
0.23295
0.23295
0.23305
0.23305
0.233
0.23295
0.2327
0.23265
0.2327
0.23275
0.23285
0.23285
0.23295
0.23285
0.23285
0.23295
0.23305
0.23305
0.23275
0.23275
0.2326
0.2324
0.2325
0.23265
0.2324
0.2324
0.2324
0.23245
0.2326
0.23265
0.23265
0.23265
0.2325
0.23275
0.23295
0.233
0.2329
0.23295
0.23295
0.23285
0.2328
0.23285
0.23285
0.2329
0.23265
0.23275
0.23295
0.2329
0.23275
0.23275
0.2328
0.23285
0.2328
0.23285
0.23285
0.23295
0.23295
0.2329
0.23295
0.23305
0.23305
0.23285
0.2328
0.23285
0.23275
0.2327
0.23265
0.23255
0.2325
0.2324
0.2323
0.23215
0.23205
0.2322
0.2323
0.2323
0.23235
0.2324
0.23235
0.23225
0.2322
0.2321
0.2319
0.2319
0.23205
0.23225
0.23235
0.2322
0.23195
0.23175
0.2318
0.23195
0.2321
0.2322
0.23235
0.23245
0.23245
0.23255
0.2326
0.2327
0.2326
0.23255
0.23255
0.23255
0.2325
0.23245
0.23265
0.23265
0.23265
0.23265
0.23265
0.2326
0.23255
0.2326
0.23305
0.233
0.233
0.233
0.23285
0.2329
0.23315
0.2333
0.23325
0.23325
0.2331
0.23305
0.233
0.23315
0.2331
0.2331
0.2331
0.23325
0.23325
0.2335
0.23355
0.23345
0.23325
0.23325
0.23325
0.23325
0.2333
0.2333
0.23335
0.23335
0.23335
0.23335
0.23325
0.23325
0.23325
0.23335
0.2333
0.23325
0.23325
0.23315
0.23305
0.2331
0.23315
0.23315
0.23315
0.23325
0.23045
0.2306
0.23065
0.2306
0.23045
0.2304
0.23015
0.23005
0.23015
0.23005
0.22985
0.23005
0.2302
0.2305
0.23045
0.2309
0.23105
0.23105
0.23095
0.23105
0.231
0.2309
0.2308
0.23085
0.23085
0.23075
0.2307
0.23105
0.2307
0.23065
0.23035
0.23035
0.23035
0.23045
0.23055
0.23065
0.23075
0.23035
0.23075
0.2308
0.23105
0.23065
0.2308
0.23055
0.23065
0.2304
0.2304
0.23055
0.23045
0.23045
0.23025
0.2302
0.2302
0.23005
0.2298
0.22965
0.22975
0.2298
0.22975
0.2295
0.22945
0.22965
0.22965
0.22965
0.2297
0.22995
0.23015
0.2299
0.22985
0.23025
0.23025
0.23025
0.22975
0.2297
0.22955
0.22965
0.22925
0.22935
0.22945
0.22945
0.22935
0.22955
0.22955
0.22955
0.22955
0.22955
0.22955
0.22955
0.22955
0.22955
0.22935
0.22935
0.22935
0.22945
0.2292
0.2296
0.2291
0.22925
0.22925
0.22925
0.22935
0.2292
0.2289
0.22885
0.22905
0.22915
0.22925
0.2291
0.22895
0.229
0.229
0.22895
0.22915
0.22915
0.22905
0.229
0.22905
0.22885
0.22895
0.2287
0.22835
0.2279
0.2278
0.2279
0.22775
0.22775
0.22765
0.22745
0.2271
0.22735
0.2274
0.22775
0.2275
0.22795
0.22785
0.2277
0.2275
0.22765
0.22755
0.22765
0.21345
0.21395
0.21405
