24.175379
24.347328
24.398918
24.656824
24.759987
24.742805
24.742805
24.570848
24.605236
24.725586
24.536467
23.917463
23.900276
23.883076
23.969042
24.055033
24.037825
24.347328
24.398918
24.433289
24.364515
24.725586
24.82877
24.691206
24.622442
25.172653
25.086678
25.138281
25.06949
24.811575
24.931929
24.931929
24.777178
24.931929
24.894197
24.756008
24.807817
24.807817
24.963305
24.825123
24.928759
24.997869
24.980591
24.894197
24.375937
24.496859
24.427774
24.514153
24.479582
24.825123
24.876925
24.842363
24.842363
24.842363
24.738731
24.617796
24.600517
24.289557
24.185904
23.995869
24.254997
24.203178
24.306831
24.341396
24.496859
24.583242
24.652349
24.565962
24.514153
24.565962
24.669638
24.635075
24.341396
24.324112
24.410482
24.393219
24.894197
24.963305
24.738731
24.842363
24.894197
25.205158
25.118788
24.997869
25.239725
25.205158
25.118788
25.032408
24.946032
24.721445
24.807817
24.825123
24.928759
24.894197
24.842363
24.894197
24.980591
24.774866
24.827065
24.844475
24.618288
24.948847
24.931463
25.209816
25.088034
25.088034
25.018429
24.879265
24.618288
24.687887
24.966259
25.035849
25.018429
25.001064
25.088034
24.983635
24.914062
24.896652
24.966259
24.948847
24.774866
24.896652
25.035849
25.018429
24.966259
25.105433
24.966259
25.035849
25.053234
25.053234
25.001064
25.035849
25.175032
25.157633
25.157633
25.088034
25.122831
25.262005
25.349005
25.488197
25.488197
25.505585
25.4534
25.731773
25.749176
25.766542
25.749176
25.853561
25.923138
25.888351
25.801355
25.818766
25.644772
25.557789
25.609972
25.836155
25.853561
25.749176
25.818766
25.714376
25.664503
25.454428
25.366894
25.576977
25.71703
25.647007
25.927088
25.874598
25.787039
25.734526
25.85708
25.892096
25.85708
25.839579
25.769547
25.80456
25.85708
25.892096
25.892096
26.224722
26.364777
26.294735
26.10216
26.137188
26.10216
25.97963
26.049646
26.03215
26.049646
26.242222
26.242222
26.312243
26.294735
25.96212
25.682028
25.80456
25.839579
25.85708
26.049646
25.97963
26.10216
26.084654
26.207212
26.067167
25.997137
25.944609
25.787039
25.927088
26.03215
26.049646
25.944609
25.96212
25.997137
26.067167
26.172195
26.259733
26.242222
26.242222
26.154688
26.10216
26.259733
26.067167
26.03215
26.119675
26.263214
26.298471
26.210342
26.38661
26.368988
26.509996
26.562876
26.527622
26.421867
26.280838
26.210342
26.316113
26.368988
26.368988
26.527622
26.844883
26.792011
26.703882
26.633375
26.739138
26.739138
26.774401
26.703882
26.774401
26.721504
26.615755
26.615755
26.686256
26.933025
27.003534
27.197416
27.056412
27.232681
27.109299
26.492357
26.615755
26.633375
26.739138
26.509996
26.598125
26.633375
26.774401
26.756775
26.598125
26.439489
26.703882
26.633375
26.280838
26.404242
26.404242
26.298471
26.333727
26.263214
26.333727
26.474737
26.368988
26.492357
26.280838
26.421867
26.457104
26.439489
26.650995
26.650995
26.645185
26.574282
26.645185
26.627455
26.308365
26.060156
26.095629
25.581505
25.226952
25.297859
24.907848
25.421949
25.421949
25.546045
25.351055
25.457405
25.421949
25.28899
25.297859
25.297859
25.12944
25.164904
25.138302
25.475153
25.448549
25.714478
25.687876
25.50173
25.581505
25.741058
25.714478
25.670156
25.634691
25.386515
25.164904
25.359911
25.12944
25.25355
25.25355
25.262402
25.634691
25.820835
25.944931
25.847427
25.803097
25.909472
25.980387
25.998123
26.0247
25.989244
26.104485
26.0779
26.228586
26.219713
26.184259
25.971527
26.113344
26.157679
26.193117
26.397005
26.290638
26.343813
26.196753
25.973688
25.750633
25.848791
25.697098
25.161758
25.598953
25.474039
25.554342
25.39373
25.447271
25.581118
25.545422
25.652483
25.643578
25.554342
25.590031
25.634653
25.911242
25.920179
25.964775
25.911242
25.795256
25.848791
25.893402
25.929083
25.902323
25.902323
25.955872
26.214624
26.339537
26.375235
26.384151
26.232454
26.14324
26.205688
26.250309
26.348459
26.250309
26.455534
26.446598
26.63397
26.616144
26.526903
26.509054
26.482304
26.63397
26.919497
26.848108
27.231791
27.213945
27.28533
27.213945
27.124723
27.00873
27.017635
26.990883
27.124723
26.839205
26.758884
26.839205
26.865967
27.20503
27.011412
27.038343
26.526667
26.526667
26.463833
26.374046
26.508707
26.490759
26.697208
26.56258
26.526667
26.463833
26.06884
26.07782
25.997026
26.113729
26.391991
26.786978
26.822884
26.912682
27.029373
26.975515
26.912682
27.038343
26.858812
26.751076
26.526667
26.553587
26.652342
26.813906
27.379463
27.280727
26.975515
26.822884
26.966522
26.616425
26.697208
26.903685
26.948576
26.760061
26.661316
26.912682
26.822884
26.912682
26.733131
26.697208
26.427914
25.853392
25.997026
26.122694
26.239401
26.230421
26.194513
25.934185
26.176559
26.203493
26.22146
26.03294
25.78159
25.880329
26.050877
26.14963
26.284286
26.365067
26.493843
26.530046
26.448622
26.729118
26.647676
26.674833
26.819592
26.68388
26.701979
26.385277
26.511948
26.638628
26.638628
26.665775
26.69293
26.720066
26.738173
26.747213
27.063911
27.226772
27.235828
27.208679
27.054857
26.95533
27.036749
27.072954
27.145321
27.172474
27.28105
27.163445
27.27203
27.262966
27.425837
27.814924
27.932562
27.968765
27.968765
27.968765
28.004951
28.013988
28.05018
28.204
28.16782
28.05924
28.05018
28.258303
28.303537
28.375919
28.149719
28.384983
28.204
28.240204
28.249258
28.267347
28.05018
28.122572
28.113529
28.529768
28.502615
28.710711
28.656433
28.828358
28.857025
28.857025
28.784254
28.811535
28.829741
29.239119
29.357403
29.357403
29.348289
29.293715
29.175446
29.248213
29.439274
29.439274
29.548433
29.521139
29.575724
29.47566
29.575724
29.739477
29.566633
29.46657
29.439274
29.484749
29.630299
29.976013
29.894136
29.921423
29.994207
30.039679
29.957815
30.021507
30.43998
30.42178
30.385391
30.603737
30.576433
30.612822
30.694704
30.712906
30.858473
30.876646
30.758383
30.312613
30.330812
30.667412
30.949421
30.931259
30.958519
30.603737
30.594629
31.23144
31.149567
31.176874
31.36792
31.313324
31.149567
31.076807
30.89484
31.067703
31.404308
31.37702
31.513477
31.607031
31.963926
31.881563
31.863245
32.284195
32.220139
31.835794
31.771748
31.936481
31.881563
31.863245
31.982203
32.101177
32.51297
32.659378
32.677681
32.522129
32.924736
32.851562
32.824089
33.007107
32.723438
32.366562
32.485535
32.448914
32.686836
32.933914
32.906456
33.180977
32.970497
32.888145
32.833263
32.760036
32.750889
32.787487
32.86068
32.86068
32.851562
32.778328
32.595303
32.888145
32.824089
32.915615
32.86068
32.89732
32.805809
32.86985
32.750889
32.787487
32.970497
32.851562
32.933914
33.007107
33.034573
33.180977
33.492123
33.55616
33.574482
33.702587
33.794094
33.949646
34.105217
34.416344
34.406849
34.278069
34.443645
34.609245
34.324043
34.333263
34.278069
34.268852
34.241264
34.498848
34.434456
34.259644
34.296455
34.259644
34.36087
34.38842
34.103249
34.084873
34.195251
34.406849
34.517239
34.35165
34.581638
34.682831
34.848438
34.636845
34.563236
34.600037
34.314842
34.002071
34.259644
34.480427
34.333263
34.609245
34.830025
34.876045
34.756439
34.627644
34.940445
35.069221
35.050831
35.014027
34.784042
35.133629
35.326828
35.437218
35.253223
35.538406
35.428028
35.52
35.529205
35.906391
35.943199
35.860413
35.906391
36.347969
36.5872
36.669975
36.476799
36.596371
36.752781
36.642387
36.872364
36.605598
36.618973
35.915482
36.294998
35.943256
36.128376
36.257977
36.433857
36.415337
36.378304
36.424595
36.813389
36.915195
36.563457
36.489399
36.628235
35.998802
35.526699
35.739594
35.684074
35.610001
36.045063
35.934002
36.054329
36.294998
36.304276
36.387573
36.683792
36.554188
36.868919
37.016998
37.331749
37.720512
37.859371
37.702015
38.007465
38.368492
38.590637
39.00716
38.997906
39.294136
39.210808
38.868328
38.627647
38.470295
38.090771
38.562874
39.173805
39.062717
38.507328
38.38699
38.211124
37.84087
38.442528
38.664684
39.025688
38.683178
38.877594
37.618683
38.053757
37.757565
38.016716
38.183338
38.157669
38.892197
38.80851
38.762035
38.669052
38.771313
38.696941
38.882893
38.529598
38.678352
38.492409
38.938683
39.013062
39.013062
38.985176
38.315731
38.167007
37.488235
37.441746
37.915943
38.232059
38.343628
38.250664
38.306446
38.399406
38.696941
38.817829
38.678352
38.854984
38.938683
38.938683
38.910793
38.994461
38.325031
38.269253
38.232059
38.073997
38.548172
38.520287
38.901497
39.487225
39.729
39.682495
39.766171
39.980022
40.24966
40.193863
40.575081
40.407719
40.565788
40.156685
39.887039
40.091621
39.794079
39.905632
40.184586
40.537868
40.240372
40.240372
40.110207
40.073006
39.998634
39.998634
39.831261
39.803371
39.477955
39.654591
39.626705
39.967533
40.042313
39.995571
39.724529
40.004936
40.145119
40.490978
40.341415
40.257305
39.22913
39.070232
39.22913
39.388016
38.593536
38.621578
37.481258
37.574715
38.023384
38.546799
38.266384
37.985989
37.49995
37.574715
37.911224
38.11684
37.696251
38.06078
38.341167
38.976753
39.817982
39.584305
39.705822
39.808655
39.743214
39.612362
39.902107
39.584305
39.724529
39.649746
39.98624
40.004936
39.976887
39.836681
40.21056
39.995571
39.799282
39.948864
39.883389
39.490845
39.079571
39.331944
39.369347
38.892635
39.444115
39.911465
39.892757
40.117077
40.397518
41.014389
41.163952
41.070473
40.967674
41.126564
41.272457
41.263062
41.253658
41.281841
41.263062
41.300617
41.263062
41.488529
41.770393
41.732796
42.296524
42.343498
42.174374
41.845551
41.76099
42.277714
42.334072
42.277714
42.484436
42.597157
42.822651
42.766258
42.465614
42.606541
42.240143
42.277714
41.995869
42.334072
42.193165
42.597157
42.446846
42.728672
42.972961
43.799725
43.903076
44.147335
44.100376
43.968845
44.166126
44.457363
44.513733
44.523155
44.842571
44.917747
44.851948
45.199566
45.772678
45.62236
45.537815
45.706902
45.725697
44.945923
45.06805
44.945923
44.682858
45.340508
45.124413
44.711021
43.968845
44.081562
43.517849
43.865471
44.213097
45.124413
45.223434
45.110149
45.440578
45.789936
45.846565
45.450008
44.619198
44.732483
45.374485
44.977955
45.525558
45.129013
45.506706
45.997623
45.931522
46.507431
46.394146
46.582973
46.866215
46.922878
47.300518
47.640415
46.979504
46.375278
46.243099
46.375278
46.828461
47.432693
47.376038
47.517666
47.810341
46.91341
47.224979
47.866989
47.413815
47.961384
48.641148
49.169857
49.056557
49.47197
49.141506
48.546749
48.565624
49.141506
49.179298
48.697792
47.970829
47.829212
48.1502
47.885864
48.697792
48.414566
48.848846
49.358685
49.094337
48.660057
47.904758
48.1502
48.282398
47.763111
47.602623
47.357159
47.576424
48.23983
47.765987
47.974457
46.704506
45.718845
46.012642
45.188122
45.434547
46.003178
46.183266
46.514942
46.135864
45.965267
44.505764
45.102833
45.870506
46.401222
46.211685
46.439137
46.135864
47.149925
47.197319
46.960411
46.420181
46.875103
48.353577
48.581009
48.524151
49.396076
50.571262
50.53334
49.433994
49.775185
50.11636
50.950363
50.741901
50.836674
51.177822
50.476479
50.628139
51.234699
51.120945
50.950363
51.42424
51.632748
51.623272
51.319988
51.651695
51.42424
51.253632
51.196766
51.386333
52.390923
52.656315
52.817413
52.940617
53.964153
54.419079
54.438042
54.362228
54.172695
54.731869
54.545395
53.22287
54.573898
54.193348
53.926918
54.13625
53.7747
54.402657
55.296978
56.058151
55.487282
56.06765
55.449211
55.696587
55.886868
56.058151
56.343533
57.08569
56.800232
55.591927
55.601467
57.076153
57.028584
57.294983
57.256939
57.218876
57.409172
58.094208
58.03706
57.808754
57.960976
57.999058
58.474751
58.03706
56.857296
57.275936
56.362579
56.19133
56.400654
54.669037
55.886868
56.533867
57.390125
56.381599
56.362579
56.15329
55.325539
55.658516
54.811749
55.030598
56.819267
56.514824
56.876354
56.714607
56.962006
56.990509
55.81078
55.525337
56.419659
56.324551
57.732643
57.732643
57.980007
58.078121
58.402798
58.135433
57.657928
57.256847
57.734329
58.28817
57.677044
58.440952
58.76569
59.061661
59.453148
60.007015
59.586868
59.376778
59.204922
59.262177
59.281292
59.147606
58.211773
57.619713
58.440952
59.577328
59.18581
58.020821
57.447853
53.28437
56.359241
56.206478
54.96508
56.263771
57.447853
57.447853
57.638821
57.419239
56.798538
56.45475
56.473827
55.308838
56.11095
56.874882
57.925312
57.562458
57.848919
58.727444
59.128502
58.058994
58.211773
58.383675
58.440952
59.949776
59.586868
59.758774
59.701466
60.465378
60.293499
59.930634
59.414978
58.402798
58.517365
59.10939
59.47226
59.166698
58.593746
58.155823
58.529724
57.484699
57.312164
57.542244
58.673519
59.59391
59.555496
59.862343
59.996593
59.037872
59.191231
58.673519
56.641083
57.676441
58.481762
58.750206
58.261257
59.095356
60.054062
59.478806
58.951553
58.865242
58.82692
59.421318
59.958191
60.284138
60.322529
61.319565
61.779747
61.703091
61.664703
62.354977
62.144077
62.738468
62.680977
62.949406
62.585052
62.891872
63.467091
63.131577
63.601322
63.850597
63.352032
64.138184
64.502533
64.502533
64.368324
64.732613
64.310768
63.71637
65.001076
64.770943
65.384567
65.691315
65.95977
65.710533
66.419952
66.611717
66.860939
67.033546
67.610748
67.456902
68.03376
67.783775
67.745323
67.456902
67.418427
67.649216
68.197258
68.937546
69.283684
68.726028
68.264519
67.879929
68.418365
68.226059
68.802986
68.995247
68.187614
69.091415
69.072151
69.399086
69.591339
68.918327
68.187614
66.899246
66.803101
67.264595
68.514534
69.283684
69.110634
68.629883
67.82225
67.283829
68.379913
68.149132
68.879883
69.052925
68.706825
68.322197
68.053009
68.514534
69.168343
68.726028
68.456795
67.360771
67.456902
67.764572
67.09153
67.399239
67.456902
66.380035
67.610748
68.918327
68.841408
69.052925
68.61068
67.322289
67.956825
66.168526
67.187714
68.591438
68.283783
67.941628
68.269577
69.079758
70.005722
69.890007
70.179306
70.43013
69.94783
70.758049
70.893097
71.606842
71.471786
71.992622
71.510384
71.896179
71.915482
72.725677
72.590675
73.092262
73.18866
73.18866
71.915482
71.915482
70.487991
70.43013
70.931671
69.735657
69.465576
70.507271
69.002586
68.713264
66.051109
66.957787
67.247162
67.362938
66.977058
65.973976
67.09285
66.282669
65.510994
66.89994
68.134521
67.960922
67.555786
67.015671
67.440056
67.594383
67.208603
64.044937
63.8134
59.260834
61.768612
61.324921
60.84272
60.341148
63.581944
62.038696
60.804081
62.771732
63.851986
64.237846
64.816551
62.964645
63.245106
63.206402
63.729069
66.284409
64.658302
64.580864
65.161636
65.006752
63.032192
61.212425
62.393337
61.135006
61.076946
60.167091
59.837955
61.038223
61.928719
61.715775
62.296558
65.645607
65.664932
65.897217
66.284409
66.052139
67.039444
66.187622
66.671616
66.284409
66.168266
67.775078
68.142883
69.304428
68.801033
69.536713
70.485252
70.698242
70.194901
70.001289
69.536713
69.459267
70.136841
70.659515
70.659515
71.085426
71.704918
72.246902
73.950478
73.485878
73.485878
74.027969
71.93718
72.866417
72.653465
71.453232
73.331024
73.679527
73.350403
73.485878
72.411484
72.556664
70.465942
72.28566
72.188896
73.340698
73.652321
74.681747
75.011948
76.585205
76.255028
76.060783
77.265015
76.643478
76.643478
76.468689
77.342728
79.207314
78.818871
79.401558
78.644081
77.226204
76.682343
75.342186
77.303856
77.808853
78.430389
76.352158
76.177315
76.954216
78.352737
77.439857
78.741165
79.343292
78.877129
78.391556
79.18792
78.003136
77.109657
77.265015
75.5364
76.02195
77.77002
76.837692
76.371559
76.293877
76.895981
77.226204
79.285027
79.246201
77.847717
77.109657
76.798828
77.012535
76.332703
76.740593
77.711761
79.275322
79.790016
79.595802
80.295021
81.188469
80.411568
81.557526
81.246742
80.897125
82.198502
80.801315
80.957047
78.620644
79.068459
80.684486
80.100349
81.716438
81.288063
79.983528
80.587143
82.495232
82.300529
82.962502
84.013908
84.033363
84.929001
84.383804
82.962502
82.65097
81.950066
80.684486
81.696938
84.033363
84.831619
84.617485
85.104202
85.5131
84.344902
83.702332
83.020927
84.539566
83.33242
83.9944
83.478447
84.111275
83.692635
84.539566
85.201622
85.571541
83.351929
83.605019
83.449219
84.052834
83.546631
83.079308
81.696938
80.372963
81.268578
80.100349
81.122543
80.84024
80.918129
81.365913
83.001472
83.215607
82.397865
82.319977
81.560646
80.879143
80.957047
81.502213
83.059807
83.838631
83.935555
84.130791
83.544945
83.134834
82.509926
82.304825
83.310577
84.091713
85.615021
86.259468
87.118774
87.099174
87.216385
87.284737
87.802292
87.411697
87.099174
87.587425
88.14399
88.622513
88.036591
86.230202
86.13253
84.999863
84.833824
84.208931
84.911949
85.185394
83.99411
82.959068
83.154358
82.763786
81.631088
82.373199
81.474854
81.299088
80.400757
81.37719
81.3284
83.212944
83.584023
84.130791
83.525406
82.841919
83.68161
85.283005
85.59549
86.474312
85.439285
84.404221
82.841919
82.529465
83.544945
82.558739
84.970543
84.658089
84.247963
84.208931
84.911949
84.335854
83.779266
82.451347
82.77356
83.819412
83.701927
81.939346
81.851204
80.137604
80.05928
80.588051
80.431366
79.471764
80.685982
80.509705
81.939346
81.861008
83.114403
82.644379
83.89772
83.760681
82.468086
80.333481
80.313881
78.257561
78.8255
79.589272
80.372604
80.842628
81.528053
81.116821
80.098434
81.547653
84.328575
85.856178
84.955269
84.34819
84.916084
85.56237
86.404457
86.482819
85.67009
86.306549
86.796204
87.579506
87.785141
88.519539
88.754547
89.381226
89.302895
89.283325
88.499962
88.969971
88.637032
88.323723
87.285767
87.990784
88.519539
90.145065
89.479134
88.754547
88.186638
88.617508
88.911247
89.067863
88.2062
88.676231
89.067863
89.6399
88.992058
90.346664
90.582237
92.025238
91.897598
91.838707
92.231346
92.123352
92.27063
91.367538
87.794487
87.951538
86.538055
91.56385
91.87796
90.778549
89.875504
91.092667
92.329491
91.603081
92.349113
90.935631
90.739334
88.167473
89.168762
88.46199
88.108582
85.360107
87.676712
88.540504
88.619064
89.954025
89.581055
89.443573
90.66082
88.756462
88.93309
87.126999
87.637451
88.628899
87.323334
86.871788
85.006767
84.790825
85.792046
84.064438
83.760132
85.517136
86.341721
86.969955
87.028831
88.658287
87.794487
86.096298
85.988327
88.501244
88.03009
87.0681
85.831299
87.833733
91.936813
92.544502
92.072144
93.961586
94.53231
96.146255
96.717033
95.693558
95.14254
95.240875
93.646683
94.709503
95.260597
94.55204
93.961586
94.778358
95.378693
95.0047
94.729179
92.131111
90.851845
85.65583
88.647446
90.989609
90.143303
90.576324
89.592186
93.312057
92.259102
91.95401
91.383209
92.623184
90.773132
88.647446
89.31665
90.399162
89.720093
89.00174
86.994148
88.982002
89.946472
91.50135
92.387016
91.422623
90.300728
88.883644
88.214462
86.915474
88.332512
86.817001
86.915474
89.749634
89.946472
91.521042
93.115211
92.662506
92.249207
92.888878
92.524773
92.327965
91.245468
92.957802
93.115211
93.312057
92.545334
93.72905
93.393684
93.354202
91.9338
91.144646
92.318497
91.637871
91.894341
91.026276
91.716789
92.97934
91.30246
92.012695
93.492317
93.334427
93.531769
94.143364
94.557671
95.484879
95.327026
94.547752
93.788246
95.090317
93.235886
92.703186
92.9991
92.091614
91.77597
89.704475
90.276611
90.828964
91.282745
91.914093
92.407295
93.512024
93.86718
93.078033
92.624275
93.058289
94.241997
94.163094
93.827682
94.814117
94.498466
95.011383
94.853539
95.228394
95.52433
95.484879
95.81041
95.830101
94.912727
96.175362
96.273994
95.504578
94.419556
95.228394
94.577354
94.439262
93.748779
93.995354
94.468819
92.402069
91.551674
92.382294
91.699974
90.305618
91.947182
91.29454
90.127594
90.602318
91.769157
90.898941
91.037369
90.186943
90.93856
91.254974
89.277176
88.604698
87.141167
86.409393
84.253593
87.062035
87.457642
85.282036
84.965622
88.16964
88.545425
88.940971
88.347595
86.270958
86.50824
88.149826
88.940971
90.47377
90.167206
90.315536
90.364975
90.997856
90.978081
88.960762
88.624489
86.468719
85.796265
88.050934
88.327858
86.943413
86.478638
85.242516
85.677597
83.630615
85.341377
86.092964
84.609634
84.451401
83.71962
83.680046
84.392059
87.16095
85.766617
84.589836
84.787613
87.734505
87.358757
86.162193
85.064499
83.143173
84.25415
82.538124
80.147575
80.703049
83.123337
84.016068
84.631073
84.888992
83.282051
81.774292
85.702354
84.779854
82.012383
82.647217
82.429016
83.877228
83.956581
83.797867
84.333496
84.720314
85.563492
85.077431
85.642822
86.317329
86.575241
86.357048
86.257805
86.718117
87.479874
86.984734
87.562439
85.575394
86.20385
85.949951
85.505569
84.508873
83.696297
84.654892
83.962929
83.835922
84.648552
82.782112
81.506096
79.747635
79.86824
79.328636
81.017258
80.268166
78.687447
79.100082
78.471626
79.18898
80.03965
80.610962
80.699898
78.312912
74.961029
76.192558
74.688004
74.707039
73.208618
74.698166
72.693016
71.458122
70.732468
72.871292
73.800659
75.309219
73.22773
73.507828
74.27803
72.693016
70.267815
70.560638
73.234093
72.120148
72.92218
74.252541
74.30349
75.652962
74.857277
75.913933
78.931122
79.981445
79.249451
77.810837
77.390701
78.40284
78.752937
80.064194
80.624352
80.872612
80.726158
79.701385
81.05719
80.356972
80.318779
79.981445
80.216934
79.663162
79.822319
80.191505
82.082031
82.209305
82.5849
83.80069
83.692451
82.272949
82.514847
81.540993
80.891693
79.758667
80.172401
80.668922
81.05719
81.986595
81.30545
81.598259
80.840744
80.267868
80.127861
79.440392
77.658058
77.783173
77.406548
77.744911
78.153404
79.040726
78.421516
77.700211
77.591682
77.547005
77.974693
78.261932
79.238617
79.21949
77.67466
75.995781
76.410706
75.491501
75.568123
77.361893
78.03215
77.055481
77.776802
77.246948
77.92363
77.457611
75.931976
75.197868
76.02774
76.825668
77.119286
77.144829
77.463997
77.949142
78.268333
77.84063
76.793762
77.093773
75.663864
75.887268
76.149017
76.168144
76.136208
75.478722
75.740463
74.527557
75.21698
73.933929
74.699921
74.431854
75.976654
75.523415
74.419075
73.755203
72.338028
72.867867
72.401878
72.580589
70.710274
69.401604
70.250664
66.580086
66.420525
65.079971
63.01173
62.331879
64.523232
65.195999
64.965378
65.529228
66.919632
66.810699
67.650063
68.784203
68.841881
68.707329
68.258781
67.893562
69.405724
70.482178
70.161827
70.033669
70.4758
68.976395
68.829041
68.784203
70.142624
69.783745
69.597969
70.847404
70.687218
68.848312
68.021721
67.791061
69.527481
70.00164
70.917854
72.020004
71.923882
72.148117
72.225014
71.782921
73.397583
73.468056
73.602623
73.275856
74.179283
73.557755
73.070808
74.121651
74.281837
73.961449
72.622292
73.602623
73.077225
72.641525
73.87175
75.223709
75.185287
74.685471
73.288635
73.141296
73.224571
71.802139
72.487701
73.237404
73.673119
74.192131
73.461647
73.907242
73.765785
74.170837
74.620926
74.582306
73.489311
74.280136
75.122375
75.623901
75.090233
74.916618
74.305855
74.633736
73.900787
73.437874
74.035805
72.537712
73.084244
72.749901
72.248383
72.801353
73.026382
73.007133
73.206398
70.90464
71.926926
72.769249
72.428429
70.628159
70.191002
69.888794
69.451569
70.782501
71.65049
71.42543
72.184128
72.049118
71.296806
69.92733
71.10392
69.631607
70.493187
71.656898
71.50901
71.785469
71.46402
73.129272
74.421585
74.183701
75.064522
74.903809
75.218834
75.379539
75.334557
74.608032
74.505173
75.215073
75.228004
75.730934
74.305908
74.338173
74.176979
73.254921
73.68045
73.873901
73.841644
73.873901
73.467712
72.951843
72.648804
72.661682
72.81646
72.307076
73.125923
71.307625
71.842812
71.294746
72.990524
72.835793
72.519875
72.784203
71.571991
71.262459
70.546799
70.585472
69.244316
68.902596
69.547348
70.398468
70.127647
69.366829
68.006317
67.767738
70.288887
69.47644
68.167511
69.553825
71.069092
70.791794
71.159332
71.507538
70.733772
70.088974
70.243744
70.991676
70.08255
69.70211
69.186241
68.992828
69.134705
67.296997
67.464684
68.096581
66.710258
66.632889
66.890808
65.743073
66.14286
65.478722
65.381973
67.135834
67.683899
66.104149
65.259476
64.239105
64.575554
63.12616
63.229683
64.336128
64.032028
62.78323
61.450329
61.799709
64.258514
63.456181
61.857925
59.60619
60.091496
59.431492
59.748566
58.596802
58.713299
56.810936
54.811604
53.187473
51.731617
54.818039
54.352169
55.387451
58.085629
58.842705
58.985043
57.445091
56.157452
54.203339
56.028015
57.005081
58.849178
59.06916
58.635651
57.567997
59.670887
60.499138
60.317917
61.728531
61.075005
61.954987
62.556767
61.210907
61.637936
60.926197
59.593277
59.619137
59.386227
57.121544
57.936829
57.445091
58.234467
58.661545
59.334476
58.965633
57.878601
58.020958
58.163315
56.830376
56.260948
54.805111
54.823322
54.374828
53.497406
54.823322
55.72023
53.783382
53.159447
55.713734
54.043369
53.497406
52.51598
51.430576
52.236485
50.761131
52.40551
54.699799
55.00528
57.650612
56.253147
57.37112
57.611595
58.606014
58.183521
58.625511
57.429588
58.625511
58.242031
57.566128
58.12505
57.5336
58.671005
59.22998
59.69791
60.471336
58.989441
58.26804
57.364605
57.819557
57.878052
58.969997
59.405449
58.807526
58.729492
60.035892
61.153824
60.718346
60.757347
59.600445
61.277325
61.082355
61.179829
60.360874
60.087921
59.424957
59.814911
58.170586
58.950497
59.002476
58.995956
58.066566
59.567936
59.048004
58.365528
57.949574
58.776463
58.796005
58.358398
58.384544
57.071728
57.548531
57.626911
59.481853
59.664726
60.716297
60.566067
59.690853
60.618298
60.781612
60.762012
60.957943
60.350525
60.102306
59.214062
58.293137
57.587727
57.940426
56.418583
55.647865
56.059357
56.483932
55.144978
56.20961
56.320599
55.765434
55.419292
55.158024
54.485294
54.870651
54.491802
53.623135
53.786415
54.962112
55.92873
55.634823
55.079655
55.634823
54.733467
55.171085
54.367729
55.086185
55.45195
54.922878
54.047668
54.50486
54.047668
54.419983
53.113682
52.591194
52.943855
54.772671
54.94902
56.679844
57.012978
57.450569
57.574692
58.803585
56.849361
57.393665
57.105141
57.151035
56.862495
55.570595
56.423111
57.787132
57.511696
57.852699
57.741203
57.833035
57.072338
57.387123
57.151035
58.331413
58.875721
57.872417
58.731434
58.790455
59.898743
60.449577
59.911854
59.170834
60.193851
60.403683
60.272522
60.26598
61.125038
61.006981
61.584095
61.243088
60.626667
61.466049
62.220192
62.1087
61.977531
62.371021
62.213657
60.75782
60.633198
60.75782
61.361107
61.485733
62.561184
62.738289
62.574322
63.577637
63.839993
64.102295
65.026901
65.348213
65.092514
64.430161
65.085922
65.774498
65.977814
65.28923
66.666351
66.666351
66.607346
65.590881
65.446068
64.774796
64.840584
64.189026
65.024864
64.274597
64.254845
64.847153
65.663277
64.98539
66.275352
66.571541
66.196373
65.353951
65.972626
66.295097
66.150322
65.761993
64.8274
65.492165
64.682625
65.268402
65.314445
64.820847
65.966057
65.722549
65.4198
65.261841
65.413177
64.834023
64.834023
63.458477
63.827034
64.49839
64.682625
64.92614
65.518448
65.182831
65.360535
65.56456
66.130554
66.380661
66.110817
66.321419
65.663277
65.768585
65.88707
65.906807
66.314835
66.76236
67.657455
68.026039
68.058907
67.677177
68.236633
67.78907
67.10463
67.302086
67.427094
67.190147
68.170815
68.039215
68.84211
68.491989
67.751999
68.009705
66.800667
66.252296
66.034264
66.681732
66.034264
67.441505
67.685936
68.306976
68.617516
68.881775
68.710007
68.894966
69.086563
69.304596
69.549065
69.364021
69.641541
68.881775
69.397072
69.278191
68.406082
68.280556
68.43251
68.465538
69.397072
69.489609
69.634972
69.568878
70.02475
69.872803
69.925621
70.295609
69.773674
69.489609
69.46978
70.249344
70.26918
69.674576
69.32444
68.604256
69.185692
68.564636
68.84874
69.760468
70.02475
70.27578
70.328644
71.088417
70.910049
70.797691
71.088417
70.592888
71.068596
70.520233
70.513618
71.306465
71.44516
71.088417
71.458405
71.683029
72.489037
72.287247
72.791748
72.838196
72.765182
72.818268
73.787453
73.80069
73.867088
73.833893
74.637077
74.710144
74.962318
75.26107
74.603897
75.154846
74.716736
75.340721
75.526581
75.825256
75.805344
76.402779
76.203636
75.958015
76.91391
76.123962
75.25441
75.327438
75.327438
75.652725
75.526581
74.909233
75.128296
75.971306
75.991234
76.236824
77.046661
76.767876
76.422684
77.113014
76.774506
76.48909
76.256714
76.064247
75.931534
76.250114
76.29657
76.349678
77.106407
76.655083
76.794441
76.993546
77.252419
76.309822
76.004509
74.730042
73.760872
74.730042
73.813995
74.205612
75.035355
75.055237
73.979469
73.04026
72.913727
72.97364
73.939522
73.959511
74.998634
75.251778
75.338356
75.791351
76.364182
76.783844
76.537422
76.357552
76.184341
76.484123
75.411674
75.53157
75.24511
75.824661
75.824661
74.552307
75.051949
76.104446
76.177673
76.071114
76.137718
75.151848
74.492393
73.912888
74.705544
74.645599
75.125229
74.479103
73.246742
72.494041
73.106857
73.573181
73.266747
73.300049
72.673882
73.04026
72.787117
73.020279
73.146843
73.453217
74.505699
74.765503
75.185181
75.178528
75.078606
75.358368
74.665573
75.258446
76.404144
76.510757
75.797981
76.171036
75.41832
75.951202
75.937897
75.824661
75.967712
75.680237
76.061325
76.716507
76.47583
76.108093
75.847382
76.161606
76.569435
75.506409
75.466293
74.80439
75.025047
74.503593
74.697433
74.730904
74.784409
74.557068
74.075699
74.015572
73.701324
74.637291
73.260086
73.460655
72.845589
72.705208
73.387108
73.607689
73.921921
74.10244
74.256187
73.681259
73.674576
72.471176
71.434914
71.535225
72.457825
72.31073
71.521889
71.662224
72.404358
72.812126
73.560905
73.346992
73.861786
73.674576
73.774864
74.276299
74.276299
74.510254
73.895226
74.282974
74.423325
75.265709
74.958214
75.452927
75.265709
75.19886
75.586655
75.834023
75.987816
75.412804
75.640144
75.961685
75.505173
75.83416
74.887535
74.484772
74.827148
74.350479
74.706291
75.082237
75.028526
76.297371
76.424904
76.465233
76.988823
76.163109
75.532036
75.840858
75.545456
74.880806
74.276642
74.692886
74.974831
74.343788
74.196075
74.679443
73.840294
73.753014
74.880806
75.780457
76.008682
75.995255
76.203392
76.230247
77.190269
78.244278
78.734299
78.620201
78.46579
78.52623
79.123688
79.748077
79.943993
79.371628
79.842957
79.950676
79.061905
79.438972
79.560211
79.748703
79.688118
79.324524
79.378357
80.280617
80.347954
80.294121
80.267151
79.519768
79.984383
80.267151
80.347954
81.04821
81.331032
81.391632
81.344482
80.801956
80.822227
81.444633
81.640785
81.701698
81.532555
81.979027
82.100815
81.945213
81.769325
81.383751
80.389267
79.834526
80.24041
80.125427
80.50428
79.949539
80.213402
79.570686
79.99012
80.822227
79.976593
79.489494
79.002411
78.846863
79.070061
79.306847
79.442192
79.442192
79.935997
80.44339
80.686928
80.477203
81.33638
81.228119
81.322861
80.713982
81.00486
81.701698
81.640785
81.945213
81.999344
81.33638
81.444633
80.23365
80.808708
81.343147
82.148163
81.606941
82.012863
81.97229
82.006126
83.027634
83.068237
82.757034
81.836998
82.019615
81.444633
81.95195
81.275505
80.585442
80.747818
80.508095
80.209229
79.394241
79.462189
79.557243
79.672676
79.142952
80.263527
80.114128
79.754196
79.890022
80.270355
80.54882
80.983459
80.141335
80.202415
80.616737
79.665886
78.626793
77.526566
77.764236
78.382271
77.288864
78.789764
78.490952
79.007111
78.239647
78.54528
77.560501
78.61322
79.054665
79.190491
79.801758
79.774574
79.523293
80.019058
79.190491
79.625168
78.749046
78.592812
79.326309
79.856056
80.677887
81.017433
80.901993
81.350204
81.160042
81.098938
81.533569
81.669434
81.146439
81.839218
82.015823
81.601517
81.52684
81.587944
81.43853
81.825661
81.635475
81.893555
82.083748
82.239922
82.45047
82.755974
82.783226
82.830986
82.899162
81.733093
81.133018
81.248962
81.930847
81.712654
81.269402
81.508102
82.16272
81.473946
81.794487
82.728729
83.151459
83.369682
83.48558
83.812897
83.765198
83.431046
83.887932
84.174324
83.68335
84.242523
84.003853
84.10614
84.412956
84.944862
84.378883
84.317513
84.822105
85.047142
84.365242
83.792458
83.635605
84.140221
84.099304
84.433456
83.915199
84.433456
83.335587
83.328804
83.32196
83.512894
83.512894
83.356071
82.612778
82.912796
82.346825
82.981003
82.544571
83.587898
83.52655
83.376503
84.351631
84.494827
84.215256
84.96534
84.794846
84.324371
84.017509
83.97657
84.573738
84.292931
83.580788
82.800095
83.094543
83.163025
83.258919
83.238365
83.320511
83.998512
84.25872
83.95739
83.012367
81.923538
81.629036
81.909805
81.218193
81.101784
80.46489
80.416954
81.266098
81.567421
80.684036
82.026245
80.581314
80.896332
82.149513
81.985168
81.745476
80.875771
82.039932
82.265907
82.512451
83.375305
83.731445
83.621872
83.704025
83.704025
83.813614
84.464149
84.751785
84.703842
84.395668
84.566872
85.354401
85.689957
86.121407
86.491165
86.991096
87.05957
86.44326
86.347389
85.881737
86.758263
86.867821
86.682961
86.847313
86.340561
86.285721
86.511742
86.593918
87.182831
87.525238
87.271851
86.99099
86.54348
86.626122
86.763779
87.218163
87.266335
86.378265
86.571045
86.185516
85.717369
87.225037
87.638138
87.693184
88.422913
88.650162
88.739647
89.021881
88.670784
88.588165
88.347176
87.996094
88.333435
86.722496
87.032265
87.121803
87.19754
87.679451
88.49176
88.422913
87.775772
88.388496
87.36274
86.929031
87.156235
86.385178
87.16996
87.025421
87.183746
87.025421
87.947906
88.257713
88.918587
88.67765
88.45739
88.994354
88.863556
89.090721
89.125137
88.278381
89.063194
89.056305
88.643242
88.237076
88.09938
88.285233
87.693184
88.526176
88.691452
89.620781
90.020065
90.206039
90.281296
90.136192
89.569427
90.115433
89.928856
89.997932
89.866615
89.31369
89.873497
89.714592
89.735313
89.666161
90.239853
90.55088
90.45414
89.534859
89.673134
88.912788
89.07869
88.961189
88.926651
90.336609
90.509399
90.633835
90.647629
90.481758
90.108521
90.12925
90.564751
90.86882
90.12925
90.806633
90.467941
90.792793
91.594551
91.483971
91.663681
91.615295
90.509399
89.327515
89.507225
89.375877
87.675591
87.233253
87.848404
87.177963
86.514412
87.205574
88.283829
88.733093
87.157219
88.13176
88.975021
89.161621
87.862221
87.647942
86.991325
86.915321
86.638832
85.698807
84.703545
85.360161
87.171051
86.535828
85.855438
86.147041
86.785736
86.403915
86.390015
86.771851
86.022087
86.60524
88.354713
88.361626
88.722641
88.215843
88.472702
87.896492
88.063126
88.451897
87.507744
86.084557
85.75135
85.626381
86.063736
87.257851
86.660767
86.049828
87.618797
87.931244
88.049248
87.965942
88.847588
88.75737
88.32
88.917007
89.153023
89.00032
88.792038
88.451897
88.153389
88.424133
88.174194
88.243614
89.298859
90.041679
90.270744
90.728958
90.340179
90.333267
90.083305
90.006966
90.118034
90.548454
90.652641
90.708168
90.694252
91.235779
91.409332
90.604019
90.187485
90.444328
90.534592
91.423172
91.79113
91.798088
92.013565
92.13903
91.90889
92.397041
91.950768
91.671844
92.376106
93.143181
93.2547
93.219856
93.143181
92.794518
92.989746
94.077484
94.258804
94.140228
94.196037
94.321556
94.209984
95.025803
95.269844
95.416252
95.116447
95.241951
95.395386
95.416252
95.85556
96.141464
96.469185
96.769028
96.162392
96.092667
96.078674
95.430252
95.374458
95.207077
96.280937
96.650475
96.859665
96.350639
96.392509
96.629555
97.354736
97.633682
97.884674
97.912552
97.96833
98.065979
98.261208
97.863747
96.518013
96.936371
97.947418
97.989227
97.773117
98.51918
98.944534
98.860878
98.428574
98.609802
98.895714
98.819031
98.923599
99.795227
99.804359
99.530846
99.720222
99.66407
99.299507
98.689507
99.271469
99.923523
99.713203
99.299507
99.124199
99.334579
98.542206
98.998009
98.913849
99.243401
99.678177
100.435417
100.239059
100.281136
99.944588
100.140923
99.832375
100.126884
100.933212
99.748245
99.65712
99.601006
100.119835
100.792984
101.395996
101.536217
101.564255
101.592323
101.816696
101.683472
100.926262
100.582611
101.431046
102.097198
102.230385
102.181313
102.398582
102.356583
102.279457
101.879784
101.788651
97.813057
98.815681
98.521217
97.231049
96.305511
97.953262
97.85508
98.682442
98.71051
98.857758
96.936562
97.658752
97.792
97.518166
98.693741
99.235794
100.868927
100.791519
100.939354
100.805588
100.566269
99.83416
99.939758
99.960854
100.073502
101.150536
101.263153
101.53772
101.678505
101.798187
101.382866
101.833382
102.297966
103.269402
103.543961
103.670723
103.642563
104.621033
104.226791
104.268997
105.226372
105.346092
105.261597
104.388672
104.656174
105.268608
105.838837
106.240112
106.2612
106.120407
106.409058
105.296753
106.197868
105.965576
105.993729
106.718758
106.507584
107.436798
107.380524
107.296005
107.310081
106.338638
106.782127
107.169327
108.042191
107.92955
108.464554
108.478607
108.049255
106.887733
104.958885
106.324554
106.507584
105.346092
106.92292
107.605682
108.218048
108.090691
108.359406
106.853477
107.447372
106.436378
105.927391
104.838615
106.330338
106.316238
106.351532
107.313042
107.70192
107.588768
108.154358
108.239197
106.69796
107.454407
109.151215
109.47644
109.462318
109.405724
109.207787
109.631989
108.522034
108.854324
106.966637
107.185829
104.647713
102.590401
104.195259
103.021645
103.523613
104.350807
101.664223
103.368088
104.471024
105.927391
102.788345
102.307632
102.675262
101.105759
99.712975
100.46241
102.307632
102.258102
102.46312
103.679176
103.587234
104.866882
103.891296
101.607697
103.601418
103.32563
104.343719
105.397156
104.485123
104.725502
103.269112
103.071159
104.273056
104.541695
105.276978
105.26989
104.704277
107.786736
108.423004
107.65947
107.949997
107.751114
107.538002
108.106277
108.745598
108.383324
109.605072
109.455902
109.235725
109.406227
110.706123
110.116615
111.153633
110.968964
110.436157
111.047089
110.109406
109.235725
109.569519
109.171791
106.316238
106.934258
107.80085
107.601952
107.857666
109.122078
109.484344
108.724304
109.853676
107.282265
107.403053
106.586197
108.021088
105.066032
104.533272
103.098412
102.075523
105.186775
104.895576
103.38253
103.560127
102.118141
102.743225
100.640633
102.380974
100.122078
101.272865
104.512001
104.547508
105.598808
104.902695
103.965042
105.705353
107.21833
107.19706
108.028175
105.066032
106.103149
105.882904
104.540375
103.048668
103.624046
103.624046
104.277573
105.780777
106.566269
106.794792
105.452301
105.188019
104.409698
103.49559
103.445602
100.910538
100.824844
99.196701
100.239288
100.896248
100.082184
100.889107
98.668236
97.818459
95.283356
94.305054
93.348129
95.590446
96.397415
95.004829
96.57589
97.054375
96.340286
98.09697
99.675163
98.418304
95.783264
95.011993
95.640442
95.026344
95.511894
96.397415
97.382843
96.525955
96.504517
96.775856
97.061493
96.254578
96.847275
98.06842
98.803947
98.703957
97.739876
95.561874
95.333359
94.969177
95.569008
93.590988
92.626907
91.405792
94.690666
93.805161
94.012268
92.555496
91.620003
95.426239
93.062515
94.786285
96.680855
96.774147
95.590034
95.288635
94.377235
94.707367
98.037209
98.101799
98.345795
98.238159
98.288422
98.187912
97.47744
97.613792
95.719261
95.396278
95.618759
98.20945
98.352959
99.379196
99.429436
98.991692
98.833786
99.264397
100.182983
100.204506
99.809784
99.221352
101.27375
101.553658
101.065636
101.941208
100.125542
99.86721
99.680588
100.800133
100.814499
101.022636
102.285667
102.378975
102.658844
101.826363
100.104034
100.118355
98.776382
99.508369
99.967674
100.470016
100.721176
99.680588
99.099297
99.049072
101.029785
97.807602
98.044418
97.556396
96.121094
96.487053
97.707062
97.764465
97.29084
96.343536
96.465523
94.899773
94.806
94.618477
95.065651
92.48365
91.978798
92.303337
92.591812
91.005104
91.098869
90.168465
91.76963
90.002609
90.370438
89.317413
88.509674
87.261902
89.403992
90.298317
90.860878
90.911362
91.942696
92.440384
90.521881
90.500259
89.173187
91.077225
92.700012
91.4739
90.9907
90.146851
92.577408
92.988533
91.60376
93.305847
94.272324
93.291428
92.728882
93.428421
93.882843
92.599068
91.589287
92.014839
92.173523
93.507782
91.610939
91.877785
92.772125
93.89727
92.887527
92.310555
92.231224
89.45446
89.735756
91.589287
88.870239
89.230881
90.521881
90.940216
86.612801
88.062477
84.102921
86.598419
90.037552
87.999146
85.99704
86.272682
87.621979
87.665459
80.795876
84.139969
84.190765
81.13678
80.041428
75.964668
72.562477
70.734444
65.794426
64.198532
73.520035
72.431885
65.301147
68.021423
67.615219
71.677475
69.537529
65.7509
66.512589
63.13945
60.897938
68.014183
67.520897
69.856712
70.241188
70.444298
72.838089
69.776901
65.910492
68.086746
67.194458
65.119812
62.254436
66.135361
62.834812
62.000561
63.168465
59.120689
54.731972
57.684372
61.681377
62.138393
64.539474
65.351959
59.563202
61.855469
63.342533
61.877232
63.785042
66.01207
64.923927
65.36644
63.792309
64.553986
63.654488
66.650414
66.004791
64.771599
64.492996
63.666611
63.00848
63.374104
63.739742
63.556923
65.063408
65.992142
67.98127
67.900833
68.354225
66.30661
66.577179
65.151138
63.586155
63.703205
61.699425
61.721386
62.204033
58.92049
61.465427
60.514736
60.778004
61.194843
61.816452
63.907948
61.831074
60.573242
60.3904
61.238705
60.938885
61.84568
63.608109
63.6959
60.778004
61.136314
61.18021
60.522053
57.933262
57.794281
57.172714
56.616932
54.591232
56.660824
56.214714
55.300594
54.064701
51.629482
51.241905
52.455853
50.313148
50.400917
49.808578
52.777622
53.121334
55.212833
55.644302
55.476109
57.172714
58.452499
57.728508
56.499226
60.557503
59.364319
59.990376
61.213032
60.108223
58.031212
58.568867
59.703133
61.448715
62.060001
61.573914
60.137684
60.785851
63.201653
63.216389
62.126289
62.789219
63.709885
64.137032
61.448715
62.649273
62.266281
62.877544
63.827702
63.223755
63.024879
64.365364
64.387466
64.733604
66.93589
66.707542
67.863899
66.921127
68.482567
67.201027
67.002151
65.315491
65.875259
65.33757
67.193649
67.112625
66.663353
65.705872
65.565933
67.245209
66.044655
66.965347
68.151138
69.800957
69.859901
68.976051
69.624207
69.638924
69.351685
69.705177
69.528435
69.837769
70.029289
68.423668
67.495613
67.429367
67.922813
68.173187
66.12886
66.180717
66.751068
68.202774
68.025017
68.662025
68.106499
68.387978
66.521408
66.514023
65.225204
65.180809
65.306686
65.151146
66.736229
67.11396
69.076836
68.965691
69.721222
70.461876
70.787842
70.773018
72.335861
72.632126
72.846909
72.506195
72.32843
73.083954
73.187614
74.394943
74.587547
74.372704
73.987602
74.957886
74.802299
73.869087
74.661591
75.231972
74.654205
72.817284
73.39505
74.039444
74.802299
76.268921
76.261482
76.409637
76.417038
76.58741
76.572571
75.891151
74.217201
73.935745
74.550476
75.594872
76.246712
76.831848
77.616989
77.602165
77.979889
78.305817
79.490913
79.372398
79.423012
79.222076
79.683502
79.021156
78.150398
77.733635
79.125328
78.887177
78.582047
76.632187
76.275002
77.413597
78.52253
78.738319
79.341141
79.824898
80.137474
79.97374
81.350525
81.648224
81.038002
81.707764
81.276108
80.546768
81.365425
80.435158
79.5644
79.199753
77.703865
79.370934
77.071289
77.636879
77.882477
78.083397
79.519768
79.728142
81.544029
81.558907
81.975685
81.142143
81.581268
82.764557
82.861298
82.809212
81.73008
81.439835
82.474312
82.600853
82.891075
81.544029
81.819412
82.831551
82.794334
82.146843
82.615662
82.489212
81.573792
81.878937
82.340363
82.69014
83.25573
82.868729
82.995262
81.998024
82.461922
83.299934
83.599213
83.763809
84.1604
84.339958
84.22023
84.190331
83.382217
84.796349
85.020874
85.080711
85.439857
85.724167
85.843887
85.043289
85.761566
85.993546
85.028313
86.090813
85.215393
83.576752
81.713684
82.132698
81.78849
82.177574
81.234818
80.351929
81.601463
82.589096
82.177574
79.641083
79.805733
79.229568
80.224731
80.067596
80.905617
80.838264
82.110229
82.499329
82.98568
83.157761
83.172714
82.162605
82.91832
82.806091
82.858482
83.718941
83.950897
84.025719
84.280113
85.484741
85.499725
85.641869
86.023453
86.382614
86.390099
86.412544
87.100899
87.617203
87.572296
87.129021
87.59481
88.210884
87.782654
87.639893
87.587318
88.14328
88.203369
87.902863
88.503876
89.225166
89.435524
88.924606
89.232712
89.818718
89.961441
90.029068
91.050842
91.125946
89.675941
90.014015
90.817932
90.652641
90.923134
91.51667
91.171043
89.014801
89.690979
90.802917
89.262733
90.419724
88.293571
87.767632
84.852562
83.590355
87.271774
87.023857
88.240982
87.144043
85.566292
85.611404
84.446854
83.966019
80.795486
81.97506
80.92321
81.005859
80.517502
83.214714
82.17038
80.78801
82.891663
83.177147
80.254562
79.25531
80.104317
79.676056
82.005135
82.403282
82.275566
84.146324
84.11628
84.251503
84.342865
84.101303
82.71228
82.455643
81.089333
81.429024
81.172371
78.666138
77.918831
77.571556
77.148842
77.65461
80.100433
80.893059
81.496971
81.549812
82.780273
82.772697
82.795341
80.515648
80.991196
81.889503
80.825111
82.629295
83.346397
84.214546
84.20697
83.663483
83.255829
83.240723
85.120399
84.712761
85.278931
85.188347
84.841095
85.294014
84.833504
82.508507
82.002731
81.761162
81.723427
82.727432
82.878365
81.436546
81.172371
80.862862
79.662613
79.972107
79.436142
80.666573
79.496544
79.496544
81.874397
82.63681
83.708755
82.76516
83.346397
83.7314
84.154137
85.090195
85.037346
85.361938
85.339325
85.371162
86.676537
86.501968
86.076973
85.378754
87.139465
86.722069
87.02562
86.873856
86.615807
86.980064
86.327408
88.065346
88.05777
87.951492
88.444801
88.528282
88.801514
89.492119
89.143013
89.325127
89.76535
88.58902
89.454132
89.651474
89.818466
90.084076
90.09922
89.841209
89.856415
89.924713
89.955063
90.668427
91.032738
92.785843
93.134956
92.960411
92.292542
92.664398
92.315308
91.222443
91.09343
89.674278
89.719803
91.040352
91.290756
91.21489
89.894356
91.222443
90.159981
90.433212
89.924713
91.837204
93.013519
93.263985
93.165314
93.218445
93.559967
93.924217
94.470657
94.531372
94.614838
94.182274
94.728706
94.83017
95.059044
95.661751
95.959267
95.82196
95.860062
95.997421
96.066101
95.91349
95.936386
96.928177
96.874748
97.378288
97.187561
96.996811
96.874748
97.218079
98.095406
97.935204
98.644722
98.812561
97.843666
97.713959
97.935204
98.492172
98.54554
98.926964
99.17115
97.439339
98.171677
99.743324
99.552574
99.773842
100.056107
100.681732
101.139465
100.910591
100.948708
101.551422
101.795555
101.475098
102.11602
102.421165
102.634735
100.574898
99.95694
99.888298
100.956329
101.581932
99.888298
100.101906
101.82608
101.063156
100.269722
101.147087
101.002113
99.133011
99.819595
99.216896
98.080193
96.26445
97.538483
97.89328
99.4104
99.065575
99.349113
100.299225
100.605736
100.360481
101.034782
101.732071
101.594154
102.023232
102.107498
102.092171
102.414047
102.153481
101.801048
101.494545
100.735954
100.72831
100.804924
101.172707
100.038727
100.613403
101.984947
102.505951
102.398659
103.279823
103.954094
104.291267
104.536499
104.375565
104.000092
103.310509
102.375687
102.827751
103.226196
104.107399
103.011673
103.502075
102.70517
102.053879
102.038521
102.950348
103.195587
102.375687
101.188026
101.103729
101.440872
101.908318
102.299103
103.36412
101.042473
100.935181
99.931435
98.874054
98.812744
98.398994
99.149849
97.77066
97.847305
99.088593
97.326256
97.540787
97.831879
98.332405
99.679924
99.07933
98.79438
97.647057
98.517212
99.803146
100.657852
101.620415
103.121948
103.037262
103.160431
104.230797
103.491562
101.620415
101.181465
101.520287
100.81958
101.404793
100.573189
102.20562
102.144005
103.560883
103.630188
103.052666
102.667648
100.565475
100.272873
99.587532
99.163994
96.630638
97.154236
92.603401
92.46479
86.443153
90.462723
86.466255
90.347206
90.955513
92.880615
92.087456
92.149063
88.175735
86.735809
86.805077
89.661903
90.924744
89.538689
90.840034
93.450417
93.696823
94.112633
93.126984
90.747635
90.085403
92.626495
91.66394
89.261436
89.838982
90.66291
91.918068
93.504311
94.057747
93.121155
93.01281
90.27282
87.35482
87.881119
89.97097
90.977188
89.11953
89.823914
87.579262
85.086945
86.952332
88.562302
90.164467
89.560745
92.556168
92.64904
93.461761
93.275986
94.870445
93.059273
94.878189
93.755875
94.166115
95.954056
97.130554
95.241966
96.209511
99.560959
99.53775
97.138336
94.429253
95.969536
97.718811
97.12281
97.72654
98.980461
95.327133
96.22496
98.036171
97.107353
97.587227
96.039207
94.51442
94.413811
92.618073
92.254318
90.218651
90.04837
92.656776
92.91993
96.743561
96.728081
96.642937
97.695595
97.72654
98.090332
95.938576
97.563988
96.139832
95.241966
94.228035
94.568588
94.708817
93.696205
96.531464
96.718407
97.57518
98.447586
98.525475
97.232483
98.237282
97.754372
99.312202
99.467987
99.732803
99.475777
99.717247
100.581856
100.636368
100.877815
100.355942
100.745422
101.859268
102.396744
102.778358
102.513535
102.396744
103.253555
102.723885
102.677132
102.326614
102.287682
103.183426
103.347008
104.795769
104.725693
104.990509
105.302094
105.434525
104.655602
105.434525
105.302094
104.811386
105.971954
106.25238
106.299126
105.956375
106.423721
106.657402
106.836586
107.148155
106.727493
107.280525
106.953392
106.517204
104.959366
105.691582
106.74308
107.155922
107.163689
109.095428
108.978577
109.609505
109.761269
110.191605
109.870819
109.690903
108.900757
109.252762
110.786125
110.441917
109.894257
109.706512
110.160286
110.966095
110.51236
109.417053
109.362289
108.134056
106.319008
107.179604
108.579941
107.289108
107.218727
108.806854
108.439156
107.742889
107.922806
107.015274
107.422096
108.892891
109.651787
109.831703
109.424896
110.105515
109.776955
108.93985
107.179604
107.257805
106.827515
106.193855
106.412895
106.092133
104.91864
104.316269
103.917259
102.376076
101.499863
103.244461
103.4244
103.479179
103.682549
103.346161
104.597893
103.080185
102.853294
100.263779
100.21685
100.975677
103.244461
103.307037
104.128532
102.806389
103.987686
103.322708
104.417931
105.485893
105.690338
106.712616
106.539635
104.149017
104.951118
103.26825
103.787277
104.723083
104.424255
107.027206
107.349602
108.057365
107.569786
106.547523
106.413803
105.485893
105.50161
104.990448
106.751923
106.500305
107.231636
108.025887
108.309006
107.318138
106.232948
105.32074
105.344307
107.082237
109.056107
109.056107
108.293289
108.198914
107.451843
109.582947
109.795242
110.345764
110.479454
110.573761
110.754692
110.6996
110.715332
110.841164
111.659012
111.808426
111.816261
111.478157
111.525307
110.613091
111.281494
111.305122
111.195045
111.281494
110.479454
111.006294
110.904053
110.809731
113.058807
113.499123
112.854271
113.168915
113.546341
115.27639
115.787544
115.394363
115.299973
115.362892
115.370735
115.32254
115.148636
113.923203
113.282806
114.350105
113.820412
114.12085
114.239449
114.705872
115.528107
115.536003
115.140732
114.002274
113.274918
113.33815
112.966568
113.907425
115.061607
115.58342
115.283028
113.36187
113.377716
111.804436
111.48819
111.812332
111.749084
111.749084
112.919151
111.9151
112.144417
113.021896
110.460426
109.13224
109.227104
109.314072
108.934624
107.464127
107.282265
107.811996
109.994003
110.041428
110.246956
111.749084
111.511902
110.942711
111.836029
112.357857
112.381561
111.828171
111.669991
111.867653
112.247162
112.587128
112.634529
113.401413
113.456703
112.761055
112.342033
113.662331
114.927216
114.07338
114.72953
113.688171
113.337822
112.860176
112.708839
111.490662
113.385635
116.291664
116.028976
116.538574
116.220039
115.885681
116.18026
117.103828
117.095901
117.016258
117.095901
117.079941
117.836311
118.099091
118.736031
118.927086
118.959
119.627762
119.484451
119.954193
119.484451
119.189857
120.416008
119.062477
120.264687
120.352272
120.193108
120.861855
120.837967
121.037025
121.140488
121.251968
121.108681
122.01638
120.49559
119.763115
120.933533
118.632515
119.444595
120.949417
120.710625
121.108681
121.753571
122.844353
123.011566
123.234489
123.760017
124.229713
123.951126
124.126221
124.787056
124.622375
123.934555
123.646683
124.510345
123.446785
124.438423
123.918518
124.910225
124.910225
125.294121
124.798248
125.414101
124.142487
124.646347
124.086487
124.926254
125.358055
126.893562
127.309441
126.997543
124.054527
125.885864
124.046555
123.270805
124.342438
124.894249
126.181808
126.261787
126.773636
126.549728
127.397408
127.701317
126.58165
127.757271
129.052887
129.380722
130.03653
130.628326
130.260468
130.684341
130.788239
132.139801
132.851562
132.227768
133.507309
133.499405
133.691269
132.6996
132.31572
132.203766
132.995544
132.13179
132.619614
130.716324
131.436066
130.804291
128.972824
130.140564
131.795914
131.795914
130.436386
129.356735
131.324112
130.500336
131.508026
132.547668
130.716324
127.477409
127.886589
126.270638
127.484634
128.74678
129.502609
128.971939
129.727661
129.607071
129.663361
131.062302
131.809952
132.758636
132.806854
134.615784
134.672012
135.186584
134.68013
135.025818
135.765411
136.006607
136.271957
135.982529
135.484055
135.813721
135.958374
135.540329
135.540329
135.63681
137.204514
137.437698
137.236618
136.456863
136.014709
136.513138
136.119217
135.958374
136.360352
135.66095
133.763611
133.321396
132.469162
133.120407
132.300339
133.506271
133.956528
133.458084
131.311493
131.777786
131.986877
131.568726
132.163666
133.257111
133.425873
133.490234
134.768539
135.765411
136.191544
135.829758
136.135223
136.923141
137.53418
139.126053
138.892838
137.921829
137.283554
136.960419
136.564575
137.089645
136.459503
135.732437
136.806946
136.677628
135.417389
136.443359
135.263809
133.688477
133.785446
136.669601
137.550171
138.099533
137.097748
139.012421
139.941498
140.886703
140.894821
141.710709
141.032196
141.500717
142.147003
142.373199
143.132675
142.421738
142.017731
142.357132
142.858017
142.405533
143.132675
141.322952
143.229584
143.253845
142.962982
144.110184
144.829239
145.45932
144.950363
144.6353
144.182907
145.346237
146.073334
145.927902
145.968338
146.323761
146.226822
145.847137
145.21698
145.200821
144.562592
146.178406
146.549973
146.024902
144.384811
143.908234
143.892029
144.788864
144.328293
146.792358
146.622696
147.475632
148.263489
148.588364
149.343826
149.335648
149.31131
150.01799
148.5802
148.555862
148.125412
149.035095
149.067627
149.165131
149.571182
147.581146
149.189484
149.993637
149.79866
149.165131
149.60379
149.701218
148.474686
145.306839
144.591995
145.453033
144.055939
145.583069
144.730042
141.47287
142.463898
142.285141
144.161514
145.948517
146.216568
147.816757
147.889847
148.653381
149.47374
149.652512
148.661484
149.538696
149.368164
150.196671
150.139816
150.147903
150.935883
151.317657
150.253555
152.365387
152.50354
152.852737
152.917801
152.836517
152.081131
152.121704
150.415924
149.993637
151.350159
152.430466
151.618179
152.50354
151.912018
151.283875
152.001755
150.908508
150.590302
151.332825
152.572861
153.584503
154.098526
153.894608
152.075211
150.394562
151.014618
152.638168
149.431839
148.085739
149.252426
150.280334
151.854889
152.067017
152.597275
153.290833
152.931885
153.241882
151.985458
152.466812
153.176605
153.633514
153.649796
153.429581
153.723206
152.385223
153.2827
153.119492
153.347931
154.840988
154.979645
154.245361
152.891098
153.421326
153.984299
153.013428
154.302444
154.677811
155.297836
156.252335
156.138168
156.945801
157.198792
157.37825
157.296692
157.614883
158.642792
159.401596
159.564713
159.581085
159.02626
157.90036
158.381714
158.512299
158.95285
160.119522
160.299026
160.624481
160.575302
159.607895
160.32933
160.214554
160.526016
160.444122
161.518021
161.681961
162.477112
161.911469
160.870392
161.591782
160.952408
161.173676
161.985199
161.681961
162.28038
160.435913
162.07547
161.77211
162.477112
162.83783
162.845993
162.083618
162.149185
161.452454
161.477036
158.288147
157.804474
158.943878
157.40274
157.45192
156.599411
158.411087
158.870132
158.648834
159.722702
160.476868
160.444122
161.788559
162.632874
163.067307
163.542816
163.288696
164.116653
164.223236
164.157654
164.067459
164.534714
164.452759
164.362595
164.124878
164.862671
164.43634
163.395294
164.010117
164.198669
163.239471
163.116562
164.346161
164.567535
165.444672
165.295578
164.019043
163.080078
164.356689
161.704712
162.989487
162.693039
162.264771
160.065765
160.090454
161.852982
161.663498
159.168045
161.951767
158.739792
156.927841
154.349991
154.588867
153.542953
153.411102
155.222992
156.730164
159.835159
158.698578
160.543457
161.778839
161.556488
163.409576
163.162491
164.208466
166.086227
166.176819
165.600342
166.646286
167.313431
167.469879
167.996994
168.161682
167.980576
168.169968
168.211136
168.318176
169.290054
169.018265
169.314728
170.220657
170.698349
170.574829
171.011337
170.648926
169.462936
170.55838
171.217224
171.027802
171.307831
170.163055
170.047775
167.321579
168.169968
165.452087
164.315506
162.997757
166.193253
170.303024
171.02774
171.814377
172.04628
172.062866
172.617737
172.849579
171.922058
170.216141
170.125
167.052628
165.479111
167.541199
170.514221
169.147781
167.822784
167.350723
166.340424
164.81662
166.978073
167.334198
168.178894
170.67984
169.74411
170.141525
167.897293
165.744156
167.276215
165.172714
167.21817
169.636383
168.990479
170.696396
170.22438
169.462524
171.267853
171.367249
173.015228
173.727448
174.000702
174.017303
173.893051
174.936554
174.911713
175.408524
175.259506
175.052399
174.456192
175.557632
174.837082
174.100098
174.290588
171.839233
172.551468
169.75235
169.354843
171.508026
170.456268
172.733643
172.220215
174.290588
173.495514
175.026947
174.685898
173.704315
171.15889
170.751297
171.142258
173.230179
171.716171
171.108994
171.724548
172.880783
172.423248
173.0056
173.770859
174.719147
173.928955
174.261688
175.043564
174.993652
172.980652
174.561096
174.35321
175.2099
175.650848
176.058426
175.326385
175.883743
175.160034
173.404892
175.284821
175.783951
173.770859
173.055466
173.745911
176.033447
175.193329
174.669266
174.702576
176.524292
176.715607
177.264587
177.206375
177.081619
177.597305
177.17308
175.268173
176.93187
176.732254
175.634109
175.991898
175.817215
176.283035
174.794083
174.494629
173.42157
173.396545
175.476151
176.041855
174.694214
173.945557
174.89389
175.176697
176.998398
176.212692
177.115463
177.240845
175.953506
175.418579
175.385132
171.707245
172.066727
173.445892
173.287094
172.793945
173.880554
170.963287
171.272568
173.429184
175.343399
176.104034
176.045517
177.458176
177.608643
177.700577
176.998398
176.680756
175.686127
173.863831
172.852417
174.97554
176.179214
176.221069
175.953506
175.360062
175.017426
175.594131
174.156433
173.822067
176.012054
174.423889
174.632889
174.415527
175.050827
176.028793
175.51889
174.131332
170.495178
165.362915
158.399979
156.535934
162.54599
166.566559
166.574875
165.229187
160.297424
163.340042
163.457062
160.982849
165.028564
162.821823
163.707855
164.451797
163.841629
165.889526
167.327225
166.95105
164.222855
165.071487
162.928925
162.668427
162.080261
162.038254
157.971558
158.06398
161.013153
161.433319
163.844757
166.760361
166.188965
167.550171
169.062592
169.163361
169.323013
168.255966
167.449371
170.020447
170.793457
170.877502
170.659027
169.600357
172.465515
174.356003
173.927551
173.5914
175.565918
175.465149
174.708908
176.775894
177.288437
176.750671
176.574188
176.48175
174.834915
175.23822
174.549271
172.11261
170.180084
172.768005
172.641983
175.381073
175.229889
175.868378
175.666779
175.9021
175.876892
176.078461
175.347519
177.019562
175.213043
172.759567
176.128891
175.061844
173.885498
172.5327
172.978058
169.625549
170.482559
172.272232
174.792969
172.129425
169.062973
170.457535
172.004349
174.134338
173.846909
173.449661
175.300705
174.058212
172.317047
169.908188
170.195541
168.048676
164.016846
162.216537
162.377197
163.687271
159.604782
162.22496
158.742676
158.953995
156.917007
157.796051
161.033249
158.598938
160.762772
159.013138
159.841461
163.737961
163.678818
160.728989
161.692505
161.946075
158.860977
156.722565
156.731018
156.595764
154.558746
157.745255
160.407745
163.028
162.360229
162.284225
164.633896
162.554688
163.298462
165.276291
164.895905
163.602722
167.448517
168.20076
168.860046
169.409439
169.544693
167.693665
168.521988
168.657196
171.37886
171.159073
170.880157
171.869049
172.959412
173.639114
173.885422
173.792023
172.645111
172.568619
172.670578
174.267807
175.032455
174.60762
175.797058
175.227814
173.477692
175.372238
173.273727
173.741074
173.333221
174.947479
176.7146
176.723114
176.52771
177.768066
178.328857
178.498795
177.538712
177.538712
177.232864
177.496216
177.861588
176.24736
175.295837
176.689087
175.151413
174.174362
174.140335
174.777573
174.922058
177.096909
175.440186
175.491211
173.961914
175.678131
174.038406
174.089371
173.486191
174.582169
174.344299
176.604172
177.802124
177.853058
178.617722
178.277847
178.643188
179.186935
178.651688
179.56073
179.841125
180.427322
180.180969
178.473297
177.096909
176.748596
176.502213
177.028976
176.369736
177.505508
178.009384
177.718994
180.033356
173.568558
170.459946
173.534317
176.489212
178.897552
179.2733
177.983765
179.051254
178.940247
181.604706
182.245193
183.568954
183.54335
184.568115
184.32045
184.815796
184.627884
185.396515
184.696198
185.524628
185.020706
185.106155
184.909714
185.123276
185.422073
185.268448
184.081375
184.6194
184.815796
186.327393
186.216339
186.327393
185.866226
186.72876
186.566528
187.104538
186.139542
186.489685
186.908127
186.634842
186.626266
187.002075
186.045593
185.91745
185.567337
186.481186
186.173676
185.644165
185.652771
186.489685
187.053314
187.036194
186.609222
182.142731
184.756012
182.100021
182.031693
183.850769
183.140076
183.174423
183.183044
185.242981
186.410309
185.388885
183.88678
185.028442
185.946762
184.264465
185.654953
185.208618
184.264465
185.07988
185.208618
184.573517
185.534805
183.191589
183.431915
182.831085
182.925461
182.290375
183.431915
183.921188
183.57782
183.66362
184.444717
183.826736
183.457657
182.968399
182.427673
182.436249
181.114456
180.024384
179.200348
179.003021
182.951202
183.775253
185.723618
186.187134
185.75798
185.903885
187.354401
187.002533
187.963882
187.543274
188.959518
189.328583
189.431549
190.135391
189.242752
189.611801
189.156952
188.461655
188.556061
189.689133
190.289871
192.779053
193.251083
194.418427
194.195297
195.491348
193.877686
194.675919
194.295227
194.718246
195.469391
194.925461
194.58876
194.873657
195.357132
193.742615
193.699417
192.99144
194.467804
195.624771
195.469391
196.168671
195.521194
195.521194
196.073746
195.581558
196.030563
195.33992
195.771591
195.046356
195.762909
195.253494
196.505432
198.206314
197.999069
197.688248
196.462296
196.444962
196.52269
196.652206
198.00769
197.653702
197.662369
197.921356
199.095566
199.881241
200.969101
201.772064
202.825363
202.65271
202.972107
204.180862
203.999557
204.137741
204.396713
204.716202
204.163635
207.021408
205.717697
205.847214
205.234253
204.621201
204.241333
204.500351
205.216904
205.320557
204.534836
206.30484
205.899063
205.53743
205.311996
202.675797
203.152786
202.936005
202.788544
202.580429
204.054672
204.245361
204.895721
204.418777
204.063324
204.193375
203.586334
204.158676
203.950577
204.07193
203.829163
202.936005
201.617935
203.404251
202.797211
202.424393
204.07193
203.4216
205.658829
206.855469
206.725403
206.898834
206.447952
206.968201
207.046249
206.794785
207.037506
207.8526
207.817993
207.627182
208.000061
207.575241
207.228333
208.372925
208.182175
204.488144
205.311996
206.647339
207.696594
208.156204
208.641754
209.638992
209.595581
209.413574
209.361511
211.026382
211.728775
211.572693
210.896347
211.286545
211.390564
211.069763
211.026382
212.058273
211.78952
211.381912
211.428116
213.188278
211.750488
211.698257
211.602356
211.855118
211.994476
210.286621
212.168732
210.304047
210.696152
211.053375
211.541382
209.606918
210.966263
211.192795
211.03598
212.621857
212.979126
213.972504
213.946304
214.059631
215.218521
215.314407
215.122681
215.070404
215.593246
215.601944
215.401474
215.148804
215.026871
215.506088
215.610657
215.192413
215.584503
215.985306
215.453827
215.445099
212.404022
212.717712
214.826416
214.800262
215.175003
211.820236
211.489075
211.654678
213.867905
213.101166
212.604446
213.101166
213.109848
213.35379
214.364609
215.654205
215.959198
214.408142
215.140091
215.113983
214.861298
217.152985
217.884903
217.989487
217.919769
218.213165
218.677277
218.896133
218.975021
218.388306
218.432022
217.985458
218.116852
218.966217
219.228928
219.999512
220.954071
221.42691
221.689606
223.003159
222.749207
222.38147
222.968124
223.318375
222.985626
223.25708
223.55484
223.712418
223.931396
223.992645
225.148575
224.272888
224.666977
223.55484
223.843857
225.673996
224.833328
225.183655
225.481354
225.56897
226.322067
226.672318
226.514679
226.899918
226.076813
226.00676
226.216919
225.691528
224.561905
226.470901
225.805374
226.190643
227.670547
227.469238
227.994614
227.880737
230.192535
230.052429
232.066544
231.584915
231.304718
230.472809
230.516571
231.243423
232.50441
233.204926
233.616531
233.59024
232.635727
234.573029
236.060455
235.153931
235.03067
235.51474
235.453186
235.171524
235.28595
235.769974
234.881042
236.562149
238.058411
239.061935
240.654999
241.095016
241.640762
241.271042
243.031418
244.615738
243.779541
246.103165
245.689499
246.807297
248.814148
249.342224
249.245392
249.350952
252.237854
250.565582
247.995514
248.118774
247.837067
242.441696
232.30217
236.879044
235.593979
226.757172
230.163391
233.543198
234.124146
237.283875
240.311646
240.382065
238.87706
237.688782
237.996811
241.790268
244.598114
241.5439
239.097031
235.620377
236.835022
239.572327
240.179779
240.091599
241.253464
245.451843
245.143738
243.559464
242.309631
242.04567
242.308044
239.029602
239.436142
238.976532
233.002838
228.036423
234.275269
230.289856
229.609436
232.543243
227.523895
230.440063
232.905624
234.743698
229.512177
230.643311
234.310654
233.082367
234.999954
234.310654
236.237061
238.764481
238.941223
237.615662
235.600815
235.565475
232.393097
232.967438
235.335709
235.556702
233.745102
234.160461
232.587448
232.074905
235.079544
235.874786
235.874786
238.154755
240.381622
241.115067
241.229919
239.568588
240.576004
240.372726
239.771881
241.57457
240.903
241.56575
241.070923
240.496475
237.73053
240.903
239.427246
241.777817
242.926682
243.103455
245.13591
245.10936
245.833969
246.160904
246.47908
245.692566
246.311218
245.996948
245.490921
244.550049
244.96727
243.431641
243.875443
240.555664
241.088165
239.090973
240.457932
240.804153
241.318954
240.466873
242.428497
244.47908
246.68045
247.5681
245.757263
247.985275
248.180573
247.958664
248.961761
249.485413
248.544571
248.260529
248.722061
249.973679
252.104034
251.509293
249.80513
248.500137
249.725082
249.307922
250.666061
251.740097
252.663223
253.497589
253.391129
253.044937
251.349487
250.4086
252.006348
250.124542
252.148468
253.036057
253.577667
254.172256
254.021408
253.684143
255.210907
257.22583
257.350128
258.734924
257.687469
257.69632
257.252411
256.560059
255.787827
255.290756
255.734634
256.577881
256.639954
258.157837
258.202332
256.835327
258.228851
258.504028
260.598877
260.36084
259.495972
259.255188
258.479523
259.201691
259.228394
260.128967
259.977448
260.120087
258.087158
256.642578
256.642578
256.268036
248.153809
242.68782
246.058411
244.676254
250.026306
250.070877
246.459641
246.325882
245.220215
243.971771
236.579803
240.824249
236.588699
235.277939
238.764496
241.314682
243.882675
242.438126
243.775696
245.318314
250.570251
250.115555
247.672394
243.04451
242.589737
240.931198
243.445755
244.078796
239.950394
235.509811
236.312332
234.734055
238.523697
239.326172
244.836792
244.301712
245.790848
249.045441
240.975754
240.610229
235.019409
235.46524
235.518692
236.704681
236.62439
232.255264
227.698761
227.449066
224.042862
220.395889
215.880051
210.175903
220.794998
222.490128
222.203125
224.149307
224.382523
219.028152
226.364655
228.14946
230.293015
231.369293
232.18544
232.275116
230.858047
233.503891
234.068878
235.844742
238.983826
235.755051
236.24826
236.373917
238.373993
236.562195
236.24826
239.988342
242.096024
242.212601
243.916702
244.939102
244.616257
242.284393
242.580276
242.71489
245.836044
246.634232
246.087158
248.768723
249.199387
249.701553
248.81366
250.356308
250.697144
250.517746
250.410095
249.943756
251.504364
250.589539
250.248611
248.732986
246.652176
246.158875
249.728455
250.670197
252.329422
252.16803
253.413895
254.332657
254.395721
253.630096
256.49472
251.558105
251.368988
253.242661
251.918518
252.873352
254.467911
257.485626
257.611664
258.017151
258.701782
259.953888
260.152161
258.818909
259.70166
259.629547
261.386322
261.215118
261.386322
260.746735
261.260101
261.485443
263.836609
263.250977
263.088837
264.314026
264.728394
264.863464
262.87265
262.305115
264.872406
263.782501
259.37735
259.017059
258.233337
259.530548
253.008453
255.2966
256.791992
259.170197
257.49469
255.792114
258.098297
257.305511
254.161484
254.738083
252.368881
250.675339
251.359924
247.972855
247.34227
252.711212
254.900223
256.557739
259.125214
260.31427
260.25119
259.791809
260.863739
260.575531
260.674652
263.404083
263.998688
266.520935
266.133575
265.807739
263.200684
262.938141
263.870575
265.228333
267.63623
268.333221
270.478607
270.170807
268.686279
269.02124
270.306641
270.940277
272.153351
272.243835
271.365692
269.519104
270.505768
269.003174
269.66391
271.592041
272.868347
271.56485
273.384338
272.886505
272.216644
269.238464
266.893951
264.884399
256.918457
260.521179
260.67514
265.789612
263.979126
260.765625
264.821075
256.990875
257.669769
261.471741
264.621826
262.594238
264.730499
264.648926
257.850952
260.702271
259.679443
261.507965
264.848145
264.730499
263.182556
266.169769
269.591522
269.799713
269.935486
269.872223
271.791168
272.732605
272.551605
271.709686
272.397736
272.560547
272.54245
271.254852
271.191132
269.063141
270.654541
270.090759
268.635803
269.881622
266.671448
261.960846
264.107025
267.680878
266.52597
262.388214
264.879974
266.671448
269.436066
269.135956
271.800415
271.363922
272.164215
270.9729
272.809845
271.91861
272.709808
273.155426
274.274017
275.820007
275.73819
276.583893
275.84726
278.402649
279.52121
279.212036
279.275726
280.257935
280.949005
280.412384
281.00351
281.094452
281.503693
283.540833
283.749878
283.668152
282.613068
282.158447
282.78595
284.9776
285.62326
286.896454
285.832397
283.404266
281.503693
283.240662
283.749878
286.341644
285.441406
285.123016
285.932465
288.396881
288.569733
290.552185
290.615875
290.634064
291.825378
293.104797
293.552582
293.561707
295.12442
295.0513
293.424561
294.137482
296.888153
294.640045
295.76416
294.932587
296.504425
298.514862
297.655853
299.702942
299.245972
299.922241
302.416962
303.358307
302.764343
302.800842
303.148163
300.452209
295.636169
298.734253
298.487427
299.456207
294.018646
296.20282
300.717285
304.190002
305.21347
303.586792
305.853302
306.38324
308.357239
308.02829
308.521698
307.726593
309.197998
307.927826
304.756561
294.6492
285.720673
284.66983
271.884735
270.742432
282.467346
274.379608
285.912659
276.408386
271.83902
250.609985
263.577667
250.728653
226.7397
246.122864
219.191147
231.025772
219.328217
219.794296
210.322403
204.94487
223.513535
226.859619
240.105865
232.954132
240.519501
236.934479
226.271255
231.492554
228.146561
243.470276
243.718536
251.899704
255.732956
253.398132
260.871552
255.328552
256.560242
263.491364
258.849182
250.989731
256.560242
256.541809
260.117706
263.868134
262.654877
269.530762
267.02124
259.952271
260.669281
263.077759
261.294403
264.447449
268.822937
268.878143
263.518982
258.858459
261.956268
263.1604
271.176178
268.391022
272.950317
271.065948
271.580688
274.926849
279.017334
278.502594
279.7435
280.874146
283.199829
286.968811
286.214996
293.550568
297.098846
294.883484
293.237976
276.33313
279.642426
282.253082
287.685699
286.490753
286.601105
284.963165
286.79126
288.111633
280.762268
283.772156
277.032104
281.103821
284.70459
286.699005
288.277802
292.727966
289.708832
291.924744
290.262817
293.226624
290.687592
294.45459
297.15979
296.181152
297.039734
299.440277
300.077393
301.785461
298.184662
296.264221
298.424652
296.531921
300.178986
299.107971
301.471558
303.567413
304.73999
306.632721
308.682404
308.903992
309.82724
307.269806
311.553864
310.990662
310.999878
311.987762
312.661865
311.359894
312.329498
313.437347
316.613464
317.721527
320.906769
321.608398
323.685883
322.513275
325.550903
330.259583
318.893982
316.290375
307.648315
313.723572
308.276215
308.433105
312.495544
314.074402
312.828003
310.076538
306.506744
303.09549
306.18222
299.081604
299.878784
304.72699
309.788239
308.101227
310.437164
312.430237
309.463867
314.95166
310.474213
315.878571
318.67807
321.523926
326.696503
324.564423
322.525085
322.126434
321.931732
317.037292
318.307312
317.704712
319.447449
320.532013
314.608643
313.524078
302.808075
305.885681
302.696869
306.08963
311.493896
318.455597
324.666321
324.592224
328.670868
328.188843
330.626831
327.419464
331.952423
336.0961
334.288361
330.26532
331.655792
329.384644
331.359161
336.698517
336.179443
337.115784
335.623322
339.294189
340.007935
339.915283
342.844452
342.140015
343.141174
340.063568
339.952301
339.553741
338.033508
342.603424
343.141174
345.059937
343.68219
342.453369
341.87619
342.183472
343.514648
346.465668
345.804718
346.298126
348.057587
343.319122
345.683655
347.750397
352.917084
354.927826
352.535339
352.609772
353.559387
352.32132
349.751862
352.498199
357.376282
357.701965
356.435974
357.841705
357.283081
348.550964
351.548584
344.510712
350.24527
355.197845
355.477081
359.517303
360.932373
363.539032
363.296967
363.138763
363.72522
365.521912
365.205414
365.289215
363.734528
363.092163
360.299316
360.736877
364.712006
355.923981
354.089996
362.673248
359.843201
355.076813
350.682831
357.134155
355.35611
360.429657
362.673248
366.350403
366.843872
369.031555
368.566071
369.822845
364.442017
363.76767
366.672394
363.786316
361.937012
363.973175
369.838623
369.651825
368.671112
370.165527
374.162903
379.533356
379.309174
379.748199
381.55072
384.324585
384.464752
385.604218
384.287354
388.415497
389.713654
387.799164
384.959747
388.602295
385.053131
389.228088
390.040588
389.956512
389.844513
392.328827
389.751038
390.591675
388.181976
388.303467
391.404266
394.252899
390.348755
386.865143
378.646057
383.19455
389.078613
388.088593
384.744934
383.736237
387.864441
387.546936
391.49765
390.629059
391.404266
391.609741
392.310181
391.964661
392.581024
391.124023
394.701263
394.318298
394.402313
393.813904
395.64447
396.29834
397.185669
396.457062
394.243561
394.112762
388.79599
394.361938
396.470459
395.992493
398.335114
399.750061
400.555847
400.771393
401.108704
403.329559
406.412323
405.67215
407.105774
403.788635
408.099121
409.560822
408.164703
408.773682
407.377533
404.182281
398.213287
403.919861
407.190063
408.042786
412.240753
413.252716
411.369263
411.200562
412.906036
410.900848
410.038696
413.374542
411.341217
413.946198
414.630219
414.292816
414.808228
415.838959
417.085236
417.844269
418.828064
416.082611
411.528595
412.165771
415.445374
419.099884
419.765137
420.645966
418.162903
421.901611
423.756958
423.12912
423.354004
424.656525
424.553406
423.035431
422.52005
420.711578
417.394501
418.462677
416.204407
419.680847
419.015564
414.933838
408.015228
407.629791
411.60611
416.607178
417.293427
416.099579
407.714386
408.400574
403.409027
408.203186
402.939026
407.131561
408.823608
412.358185
411.60611
408.626282
407.620331
409.086823
415.967896
419.135834
420.37674
423.619904
425.283752
426.393005
425.951172
428.235443
428.620911
426.721985
430.839386
431.713593
432.456299
434.204773
436.855682
438.914337
440.437195
440.813202
439.35614
435.821594
435.962646
439.252686
439.403198
441.142273
440.070618
441.565308
440.775574
439.53476
440.117615
441.292603
431.450439
436.742828
428.244873
423.488251
429.974548
426.233215
431.281158
440.202179
441.367859
438.387909
442.514648
438.594757
435.577148
442.383057
438.481873
433.815216
429.20224
436.824493
441.192139
443.937347
450.21991
449.852051
450.42746
449.182251
448.050232
450.64447
450.493439
441.843048
441.42804
439.6828
439.135651
443.135468
444.333435
438.211151
438.390381
430.626648
426.155212
421.438568
413.165436
414.920013
409.854248
408.82605
406.807312
416.910553
424.419525
427.287262
431.438019
421.297058
423.278107
421.919617
425.391174
431.617249
423.862915
415.504913
414.146515
420.825378
421.297058
412.297516
409.627899
405.231934
398.043671
404.033813
412.948425
411.891937
405.618652
413.080505
411.024017
407.684662
395.666412
392.666626
403.194275
401.373627
396.270172
393.374023
402.024506
410.939087
416.080322
420.637573
420.514709
425.435211
419.956238
426.286835
428.368622
431.415649
436.752625
434.055817
427.375031
428.586273
432.257874
426.797791
422.530182
424.659271
423.523712
416.28479
414.74231
419.492645
414.269165
414.439484
421.129669
420.817383
414.524628
403.150513
405.487732
393.744507
394.851593
404.825409
389.864807
392.211578
394.00943
406.008209
391.577484
389.240204
376.777832
377.648346
371.649048
371.261047
380.137115
378.594666
386.382477
370.806732
368.535767
368.696625
375.59494
372.727783
376.020752
383.534149
392.949646
390.744781
387.584229
394.96524
388.483246
389.666138
393.403809
389.126709
379.872162
368.857483
354.852661
353.783356
358.827057
346.951294
347.699219
356.452026
355.805817
359.29364
370.716949
369.300903
361.755035
361.46048
358.523804
362.315704
363.0
364.225983
369.681091
369.376984
365.15744
361.926056
360.025421
359.151062
366.012695
362.990479
372.798279
375.174194
378.994629
375.478302
375.934509
371.486786
381.132904
385.913239
391.539398
390.379974
387.804413
393.877289
393.611206
392.945892
392.489746
390.931122
399.142242
399.142242
405.899323
407.57193
408.370239
405.471649
406.650146
401.185577
392.831879
391.88147
393.136017
398.686066
385.190948
382.643982
378.443359
375.563873
376.742279
372.769745
371.36319
378.03476
380.505676
386.41687
390.570007
373.587036
375.012573
370.754944
367.926514
370.779724
366.523743
360.130157
357.105133
351.121918
347.648376
346.760925
353.583893
346.197968
340.844421
349.843201
360.683594
359.843903
356.131805
346.197968
343.554596
341.378815
340.252808
349.232452
341.273895
350.04364
354.156494
351.64679
348.69812
357.172028
361.54248
367.315796
364.548401
362.601685
371.228271
368.546753
366.934082
357.725494
354.041962
359.137756
362.57309
364.529327
357.019318
376.639008
380.284271
377.049286
380.265137
377.364288
376.209564
377.917664
376.543488
381.610687
384.015411
383.929535
377.803162
377.154358
389.034821
388.748596
388.300049
381.31488
375.818329
375.178894
378.118073
375.293488
380.704163
383.585999
381.133545
371.810333
367.420746
364.305115
364.80365
370.258331
364.976196
367.075592
365.628021
361.084137
367.583679
366.615448
365.072052
367.890472
363.69165
372.03183
371.820923
374.428467
379.164154
380.544617
382.020935
381.321106
375.300751
372.568634
379.509308
384.062836
383.650604
383.794434
388.012482
388.903992
384.024536
389.670959
393.812286
399.545013
395.298187
392.882385
398.020782
393.668488
390.255707
391.166443
395.758362
395.576202
396.860809
391.396515
390.418701
382.586517
382.059296
384.091644
379.988556
381.282776
379.873627
378.416382
381.359467
387.475647
387.744049
381.800446
382.423584
375.367859
369.951538
369.424255
375.530884
373.18222
379.729706
375.289703
378.898346
383.873383
377.329742
378.349854
380.832642
381.544647
380.688263
386.221436
388.482941
393.958435
395.459656
393.265625
392.235931
393.76593
394.170166
394.276001
392.668915
397.884583
396.912689
398.336914
398.596802
398.529419
396.354553
396.662537
397.076294
390.773224
389.118073
396.864563
400.251923
399.847778
395.35379
392.640045
389.859039
397.076294
397.182159
395.440369
397.287964
396.595154
396.075531
397.442017
394.786011
399.578339
403.427551
402.840485
403.00412
398.481232
395.59433
399.020172
404.187744
404.341736
402.099548
405.919891
411.789978
411.000885
411.895874
410.471588
412.954285
413.695312
417.448273
420.2005
420.700928
425.916626
424.465851
422.263672
420.100006
421.616486
418.429077
416.719482
421.288147
421.500549
423.161896
428.155548
428.648132
428.010681
424.659027
423.586884
424.659027
427.363434
430.802063
434.221252
433.950806
435.45755
438.693268
439.668854
436.751831
436.751831
438.702942
439.900604
439.968262
437.05127
441.33017
442.170441
440.905121
434.771851
433.525879
431.565155
435.33197
433.438904
430.54126
430.69577
430.444611
432.820679
427.77887
424.639771
421.404083
421.606812
424.349976
423.200592
427.914032
421.983551
424.958466
427.653259
433.8349
435.621796
434.984344
435.795624
433.91217
430.995178
429.671997
430.319092
433.149109
430.773071
431.275299
434.993988
429.753021
430.005035
429.11322
425.168243
418.140961
417.200806
418.9552
412.80014
412.964935
415.35907
414.351074
414.186218
408.641876
411.617645
411.462555
416.347748
419.013336
421.194244
422.919556
420.341187
418.24762
422.648132
422.628723
416.997131
413.333221
408.254211
407.546631
410.619263
404.726013
399.879547
398.067047
402.826202
405.35611
409.679077
417.530304
421.339569
422.308899
423.510773
423.820953
420.515717
427.077728
426.670715
434.948425
435.869232
436.402344
436.945129
440.308533
439.348969
441.045166
441.31665
440.52179
440.957977
440.647736
442.382843
444.999939
442.66391
442.576691
440.793213
444.156647
446.066132
447.801178
449.846344
456.049774
457.513489
456.760101
459.329437
462.122559
455.718811
460.039856
460.964478
462.910858
463.747833
463.923004
462.579956
459.99118
456.234619
454.765045
455.387939
461.889008
461.188263
463.796539
463.592133
463.913269
462.210175
459.640869
463.728363
469.509247
470.501923
471.874176
472.390015
474.959259
474.355896
478.112488
477.742737
469.947205
476.097961
481.110016
479.358246
480.749939
484.759583
484.973724
487.776581
487.562439
480.847229
485.217041
488.56488
486.131805
483.455505
483.893402
493.907806
494.248474
492.438263
493.353027
492.701019
494.47229
499.114563
498.579285
493.596375
496.097565
501.022064
498.014801
497.58667
502.939362
502.151001
501.158295
497.717072
500.675018
503.457336
508.114105
509.793213
508.826721
507.420898
506.483765
510.740143
510.642517
509.754059
506.51297
507.069397
500.880157
506.112701
506.395844
506.981567
501.905121
505.692963
498.71283
492.464905
491.566742
488.657532
487.652039
483.395599
487.84729
493.636383
493.402039
491.527679
496.184387
497.94162
490.053558
488.462311
493.031158
499.142395
504.296936
504.853363
504.902222
507.811371
508.465515
508.533752
510.867096
517.193115
516.128967
516.870972
517.466431
518.735535
517.241882
513.463867
516.861206
517.222351
513.600525
510.19342
514.840332
515.260071
515.836182
521.966858
521.957153
521.322693
522.933411
524.192688
528.497986
529.562012
529.884277
534.101562
535.458496
534.004028
533.287964
531.554565
533.60144
534.267395
535.109619
533.003906
534.101013
537.695312
540.094849
543.20929
543.83606
544.364929
549.751587
545.011292
548.449036
549.957336
553.218628
545.461853
541.270081
537.67572
543.219055
542.366943
530.075623
527.313782
533.219482
533.532776
530.829712
539.458252
531.819031
521.917358
506.717163
511.388916
507.970703
519.713684
522.005432
522.279663
530.868896
532.54364
541.67157
542.886108
548.076721
547.185547
549.066101
544.756714
550.544861
549.232483
549.986694
546.793884
546.842773
552.062988
540.702026
539.595337
538.282898
529.223633
535.148865
537.479797
542.993774
547.567505
550.427429
551.240234
551.465576
549.829956
559.212524
558.24585
559.640808
561.242126
560.004333
562.224548
561.409058
563.658813
558.609314
558.845093
557.823425
562.892517
557.803772
563.079163
566.979309
565.987061
569.376404
574.032898
569.572876
572.048523
572.097534
574.298157
573.355103
573.050537
567.814331
569.042297
568.845825
570.604431
571.527771
569.798828
558.628967
560.986633
559.778381
566.546936
580.634583
585.124146
587.658752
588.218689
586.391479
586.676331
582.903931
575.437805
577.795593
579.907654
580.104065
583.218262
585.02594
587.010376
590.075439
588.287476
591.941956
593.002991
593.277954
596.961975
595.979614
597.109436
594.034485
592.187561
596.765564
593.690735
593.572754
596.107361
593.651306
575.958435
575.781616
582.697266
586.186584
592.702087
592.741577
586.502075
579.809082
577.699768
576.280273
583.485779
586.847046
580.213318
581.060974
572.189636
573.076843
573.865356
584.303955
583.180237
589.035339
594.427063
597.768555
601.03125
599.276733
590.799744
595.876099
593.204773
596.388611
593.214661
589.222595
593.175293
595.580383
597.65033
592.17981
596.201355
596.654724
594.732666
601.011536
600.981995
602.746338
604.165833
601.652283
591.361511
588.670654
585.743103
586.038696
576.684387
585.68396
575.422791
568.611572
574.722839
564.520996
567.684998
552.564453
547.970947
550.878784
543.5354
554.762512
559.040344
552.998108
559.02063
557.404175
557.588013
567.573669
568.937927
562.145813
560.652954
549.362366
553.05011
554.612183
558.121948
530.61731
499.553345
498.663574
490.853088
542.402161
518.634583
527.888428
533.009766
531.516907
519.702271
520.443848
508.055908
521.274353
529.351746
540.49408
544.399231
544.606812
548.037537
548.255005
552.140442
560.336548
557.123413
552.466675
554.790161
558.655823
557.944031
576.382629
580.189026
580.930481
583.767944
587.465576
588.108154
586.130859
576.254089
576.481506
572.546509
584.450134
581.068848
583.36261
582.710022
585.992493
589.334106
589.175964
586.328552
592.349548
592.883423
596.244934
594.544373
596.907288
590.233887
595.849426
590.757874
590.668823
589.281677
595.102173
601.676453
602.01355
606.723694
609.738098
612.65332
612.455078
615.231506
620.080444
615.459534
615.122437
618.811096
620.556274
618.374817
619.55481
616.907288
618.969727
622.757629
622.301514
623.481506
623.57074
628.875732
629.083984
631.741394
631.582825
629.916931
629.123657
626.763672
616.490784
625.861267
622.688232
627.457825
626.932251
631.820801
630.57135
637.284424
639.465942
639.525452
638.028137
637.889343
634.42865
632.74292
630.204468
639.882385
637.066223
639.733643
641.191284
643.462036
639.624573
634.884766
638.325562
643.6604
641.796082
643.372864
644.860168
646.724365
652.098755
651.880554
655.351196
654.448853
653.635742
656.689819
659.942322
663.064514
659.455139
657.356995
654.32428
658.072998
659.922424
662.408264
664.665466
665.430969
665.421143
667.807495
665.331604
669.299011
667.360046
649.322754
659.286011
658.480591
661.403992
656.899658
660.628418
667.499268
667.489258
664.019104
667.956665
673.415588
681.360352
683.170044
683.498169
675.980957
678.198364
679.47113
671.416992
673.743713
666.514893
667.171082
677.581909
679.132996
679.510864
668.235046
668.125732
661.901123
656.342834
658.878418
648.835571
655.298767
664.943787
671.198181
675.831848
679.520813
676.418518
677.671387
680.018005
680.515137
681.8078
679.75946
679.172729
683.677185
685.268066
677.900024
676.875854
675.026428
667.598694
672.639954
678.736389
682.964844
686.086304
688.499695
688.429871
685.976562
685.138916
680.062744
681.309326
685.846924
689.925781
687.701904
687.63208
692.179626
693.266663
691.880493
688.479736
690.354614
689.776184
675.734558
683.533264
687.103516
687.352783
690.843262
693.595764
693.52594
692.149719
690.085327
693.515991
687.652039
684.321106
675.774475
688.739014
692.059998
690.234924
690.075439
679.414551
679.893188
680.990173
684.420837
682.615723
687.552307
680.531494
685.477905
691.262207
687.422607
684.121643
684.51062
678.477112
683.263977
679.454407
670.548706
676.422729
675.335632
674.487976
664.245911
660.486206
667.207886
668.963013
659.62854
658.002991
648.570007
655.380005
653.179993
656.820007
645.090027
634.090027
631.969971
650.340027
655.23999
655.830017
658.929993
659.219971
676.01001
679.909973
679.460022
686.099976
694.460022
699.940002
701.659973
710.140015
708.719971
704.080017
711.210022
708.450012
713.940002
715.169983
711.690002
711.580017
718.659973
720.650024
718.01001
723.77002
733.830017
731.580017
737.619995
739.299988
738.179993
742.309998
748.169983
739.169983
738.650024
733.72998
741.25
742.719971
745.640015
750.590027
750.460022
754.599976
756.47998
756.47998046875
756.47998046875
756.47998046875
756.47998046875
756.47998046875
756.47998046875
756.47998046875
756.47998046875
756.47998046875
756.47998046875
756.47998046875
756.47998046875
756.47998046875
756.47998046875
756.47998046875
756.47998046875
756.47998046875
756.47998046875
756.47998046875
756.47998046875
756.47998046875
756.47998046875
756.47998046875
756.47998046875
756.47998046875
756.47998046875
756.47998046875
756.47998046875
756.47998046875
756.47998046875
756.47998046875
756.47998046875
756.47998046875
756.47998046875
756.47998046875
756.47998046875
756.47998046875
756.47998046875
756.47998046875
756.47998046875
756.47998046875
756.47998046875
756.47998046875
756.47998046875
756.47998046875
756.47998046875
756.47998046875
756.47998046875
756.47998046875
756.47998046875
756.47998046875
756.47998046875
756.47998046875
756.47998046875
756.47998046875
756.47998046875
756.47998046875
756.47998046875
756.47998046875
756.47998046875
756.47998046875
756.47998046875
756.47998046875
756.47998046875
756.47998046875
756.47998046875
756.47998046875
756.47998046875
756.47998046875
756.47998046875
756.47998046875
756.47998046875
756.47998046875
756.47998046875
756.47998046875
756.47998046875
756.47998046875
756.47998046875
756.47998046875
756.47998046875
756.47998046875
756.47998046875
756.47998046875
756.47998046875
756.47998046875
756.47998046875
756.47998046875
756.47998046875
756.47998046875
756.47998046875
756.47998046875
756.47998046875
756.47998046875
756.47998046875
756.47998046875
756.47998046875
756.47998046875
756.47998046875
756.47998046875
756.47998046875
756.47998046875
756.47998046875
756.47998046875
756.47998046875
756.47998046875
756.47998046875
756.47998046875
756.47998046875
756.47998046875
756.47998046875
756.47998046875
756.47998046875
756.47998046875
756.47998046875
756.47998046875
756.47998046875
756.47998046875
756.47998046875
756.47998046875
756.47998046875
756.47998046875
756.47998046875
756.47998046875
756.47998046875
756.47998046875
756.47998046875
756.47998046875
756.47998046875
756.47998046875
756.47998046875
756.47998046875
756.47998046875
756.47998046875
756.47998046875
756.47998046875
756.47998046875
756.47998046875
756.47998046875
756.47998046875
756.47998046875
756.47998046875
756.47998046875
756.47998046875
756.47998046875
756.47998046875
756.47998046875
756.47998046875
756.47998046875
756.47998046875
756.47998046875
756.47998046875
756.47998046875
756.47998046875
756.47998046875
756.47998046875
756.47998046875
756.47998046875
756.47998046875
756.47998046875
756.47998046875
756.47998046875
756.47998046875
756.47998046875
756.47998046875
756.47998046875
756.47998046875
756.47998046875
756.47998046875
756.47998046875
756.47998046875
756.47998046875
756.47998046875
756.47998046875
756.47998046875
756.47998046875
756.47998046875
756.47998046875
756.47998046875
756.47998046875
756.47998046875
756.47998046875
756.47998046875
756.47998046875
756.47998046875
756.47998046875
756.47998046875
756.47998046875
756.47998046875
756.47998046875
756.47998046875
756.47998046875
756.47998046875
756.47998046875
756.47998046875
756.47998046875
756.47998046875
756.47998046875
756.47998046875
756.47998046875
756.47998046875
756.47998046875
756.47998046875
756.47998046875
756.47998046875
756.47998046875
756.47998046875
756.47998046875
756.47998046875
756.47998046875
756.47998046875
756.47998046875
756.47998046875
756.47998046875
756.47998046875
756.47998046875
756.47998046875
756.47998046875
756.47998046875
756.47998046875
756.47998046875
756.47998046875
756.47998046875
756.47998046875
756.47998046875
756.47998046875
756.47998046875
756.47998046875
756.47998046875
756.47998046875
756.47998046875
756.47998046875
756.47998046875
756.47998046875
756.47998046875
756.47998046875
756.47998046875
756.47998046875
756.47998046875
756.47998046875
756.47998046875
756.47998046875
756.47998046875
756.47998046875
756.47998046875
756.47998046875
756.47998046875
756.47998046875
756.47998046875
756.47998046875
756.47998046875
756.47998046875
756.47998046875
756.47998046875
756.47998046875
756.47998046875
756.47998046875
756.47998046875
756.47998046875
756.47998046875
756.47998046875
756.47998046875
756.47998046875
756.47998046875
756.47998046875
756.47998046875
756.47998046875
756.47998046875
756.47998046875
756.47998046875
756.47998046875
756.47998046875
756.47998046875
756.47998046875
756.47998046875
756.47998046875
756.47998046875
756.47998046875
756.47998046875
756.47998046875
756.47998046875
756.47998046875
756.47998046875
756.47998046875
756.47998046875
756.47998046875
756.47998046875
756.47998046875
758.5399780273438
758.5399780273438
758.5399780273438
758.5399780273438
758.5399780273438
758.5399780273438
758.5399780273438
758.5399780273438
758.5399780273438
758.5399780273438
758.5399780273438
758.5399780273438
758.5399780273438
758.5399780273438
758.5399780273438
758.5399780273438
758.5399780273438
758.5399780273438
758.5399780273438
758.5399780273438
758.5399780273438
758.5399780273438
758.5399780273438
758.5399780273438
758.5399780273438
758.5399780273438
758.5399780273438
758.5399780273438
758.5399780273438
758.5399780273438
758.5399780273438
758.5399780273438
758.5399780273438
758.5399780273438
758.5399780273438
758.5399780273438
758.5399780273438
758.5399780273438
758.5399780273438
758.5399780273438
758.5399780273438
758.5399780273438
758.5399780273438
758.5399780273438
758.5399780273438
758.5399780273438
758.5399780273438
758.5399780273438
758.5399780273438
758.5399780273438
758.5399780273438
758.5399780273438
758.5399780273438
758.5399780273438
758.5399780273438
758.5399780273438
758.5399780273438
758.5399780273438
758.5399780273438
758.5399780273438
758.5399780273438
758.5399780273438
758.5399780273438
758.5399780273438
758.5399780273438
758.5399780273438
758.5399780273438
758.5399780273438
758.5399780273438
758.5399780273438
758.5399780273438
758.5399780273438
758.5399780273438
758.5399780273438
758.5399780273438
758.5399780273438
758.5399780273438
758.5399780273438
758.5399780273438
758.5399780273438
758.5399780273438
758.5399780273438
758.5399780273438
758.5399780273438
758.5399780273438
758.5399780273438
758.5399780273438
758.5399780273438
758.5399780273438
758.5399780273438
758.5399780273438
758.5399780273438
758.5399780273438
758.5399780273438
758.5399780273438
758.5399780273438
758.5399780273438
758.5399780273438
758.5399780273438
758.5399780273438
758.5399780273438
758.5399780273438
758.5399780273438
758.5399780273438
758.5399780273438
758.5399780273438
758.5399780273438
758.5399780273438
758.5399780273438
758.5399780273438
758.5399780273438
758.5399780273438
758.5399780273438
758.5399780273438
758.5399780273438
758.5399780273438
758.5399780273438
758.5399780273438
758.5399780273438
758.5399780273438
758.5399780273438
758.5399780273438
758.5399780273438
758.5399780273438
758.5399780273438
758.5399780273438
758.5399780273438
758.5399780273438
758.5399780273438
758.5399780273438
758.5399780273438
758.5399780273438
758.5399780273438
758.5399780273438
758.5399780273438
758.5399780273438
758.5399780273438
758.5399780273438
758.5399780273438
758.5399780273438
759.5700073242188
759.5700073242188
759.5700073242188
