0.951054
0.776819
0.882507
0.777832
0.661925
0.646651
0.690816
0.660728
0.681096
0.606969
0.538812
0.587659
0.691601
0.627457
0.634242
0.643329
0.635506
0.572372
0.661293
0.74584
0.691045
0.728794
0.715876
0.679535
0.667491
0.641837
0.622584
0.612978
0.604922
0.604527
0.537034
0.515273
0.538576
0.550532
0.569118
0.559752
0.59912
0.612989
0.65267
0.624454
0.579156
0.608915
0.638875
0.613031
0.549053
0.600857
0.573307
0.590985
0.575155
0.579415
0.587933
0.570022
0.577495
0.564669
0.586621
0.587299
0.661155
0.622443
0.616578
0.668313
0.658002
0.644867
0.573742
0.593869
0.608943
0.587077
0.570639
0.585576
0.581562
0.620956
0.684332
0.643591
0.673149
0.726848
0.708297
0.736994
0.713194
0.741144
0.713548
0.798495
0.852454
0.860094
0.832642
0.780219
0.768093
0.780372
0.691664
0.707908
0.753048
0.796713
0.853453
0.91356
0.924624
1.016716
1.175734
1.148075
1.289598
0.872441
0.977837
0.966583
0.920349
0.873089
0.977166
1.044087
1.049844
0.995346
1.252223
1.56511
1.778636
1.784067
1.658289
1.686807
1.538178
1.52661
1.74281
1.802611
1.871639
1.75455
2.206348
2.085903
2.473625
2.665228
3.131793
3.303419
3.769751
3.755971
3.409388
3.183795
3.385653
3.098608
3.329976
2.899041
3.208267
2.943668
3.020886
3.322431
3.344986
3.26485
3.558375
3.44506
4.011393
3.968809
4.435823
4.782046
4.344516
4.164472
3.52734
3.545794
2.597916
3.086043
2.928528
2.468977
3.636378
3.469837
3.427428
3.33266
3.225839
3.269133
2.939121
2.545399
2.891874
3.10794
3.028891
2.870903
2.782509
2.915519
2.836757
3.132715
3.188612
3.134703
3.152947
2.956678
2.946433
2.897876
2.861028
2.626083
2.547303
2.515995
2.657644
2.17625
2.291796
2.36522
2.539859
2.40609
2.426578
2.587072
2.40491
2.314635
2.266436
2.149386
2.201843
2.214267
2.05808
1.888672
1.890378
1.955653
1.960035
1.911828
1.787459
1.685466
1.710232
1.490053
1.428936
1.441336
1.5407
1.59984
1.474072
1.412234
1.392255
1.405218
1.91374
2.031964
2.156598
2.028652
2.247987
2.002125
1.899138
2.020792
1.917016
2.043234
2.255355
2.202181
2.115029
2.076769
2.095392
2.382205
2.144845
2.276377
2.267967
2.270034
1.903037
1.857949
1.888935
1.915155
1.966891
1.976308
2.115401
2.100371
1.855953
1.978774
1.854249
1.831173
1.665352
1.662304
1.574151
1.444585
1.490912
1.565456
1.591646
1.760671
1.783598
1.678634
1.6988
1.668651
1.563576
1.541915
1.490286
1.205692
1.362408
1.445403
1.324238
1.303042
1.515685
1.674345
1.535457
1.510898
1.842084
1.799275
2.161752
2.485097
2.157217
1.929217
2.372745
3.219887
3.385382
3.466111
3.10809
3.613398
3.513782
3.278164
3.250161
3.447055
3.818139
3.795515
3.641866
3.723578
2.990536
3.346229
3.504112
3.634411
3.699981
4.04735
3.690587
3.822072
3.834676
4.224276
4.264144
4.611602
5.267508
5.71599
6.426065
6.68172
6.110807
6.700463
7.88325
7.816793
9.072214
9.215352
9.247012
8.732455
8.738896
8.861739
8.297867
8.222577
8.980452
11.465653
10.002664
11.085513
14.454785
15.201538
17.302708
13.816014
13.587941
13.201168
13.089247
14.955588
13.958921
14.115591
13.097983
12.610443
13.036458
13.877732
13.602188
14.846311
14.231084
15.992279
14.552142
15.308803
14.508266
14.186662
13.622773
14.220203
14.230025
14.204796
14.211981
14.332206
14.919293
14.204831
13.661298
13.025085
14.779421
16.508322
18.016233
18.854809
19.233925
19.465229
19.084902
19.810223
22.552277
24.061323
22.984283
24.957146
26.478081
27.033987
27.778275
26.841404
27.93189
28.512123
27.435553
26.475111
27.818314
25.397366
25.099874
32.302917
31.675896
31.770054
32.513042
38.879761
36.97842
40.737316
47.367626
43.976517
43.239002
44.825985
42.460541
42.956001
49.508022
46.890987
45.933689
42.729557
44.923576
43.455677
43.155018
45.561531
44.330196
42.909634
44.577469
42.45731
40.997852
42.717865
43.461308
47.200829
46.863205
55.910961
35.107182
44.742748
38.812851
31.315582
24.688747
31.283571
29.997078
35.539818
33.584591
29.039276
27.376421
28.602659
32.816246
30.98526
33.956318
39.470905
37.41507
39.5854
42.308376
38.262333
41.517815
42.031776
41.098675
36.046085
36.441689
38.770435
38.713055
41.153648
39.703617
39.264591
36.648796
35.353436
35.322014
26.6574
26.771856
30.048887
31.181034
28.698862
29.712854
31.929392
32.92778
33.866802
35.556404
33.404034
34.020481
34.478817
34.3106
32.984589
34.269138
36.59137
33.203728
33.264648
31.788645
32.177841
30.848087
29.121189
31.281
28.452101
26.370008
26.721668
26.751909
24.447577
23.489555
26.623079
27.702082
28.51388
28.70262
28.168774
28.306643
28.065327
27.815411
31.281137
32.393944
36.827312
34.25436
33.22242
33.996441
35.763626
37.355137
39.446102
39.403473
37.673824
38.767784
40.639797
41.744114
41.099361
44.894501
44.11285
53.745159
62.432465
64.210709
72.543312
72.757607
78.724617
73.75621
72.803917
75.708038
70.670906
71.951569
75.316208
88.086983
96.703171
94.469673
110.544807
108.483772
111.033005
128.102386
146.583054
139.113068
142.070877
164.38092
173.148926
191.041397
188.195801
179.865234
178.867874
174.537628
169.269547
158.094818
159.117386
152.47406
147.593063
169.184219
152.516693
132.13446
123.950394
147.924255
149.753571
139.395645
136.178925
135.699371
136.728424
131.537216
135.351456
141.069046
161.682373
169.093018
172.589157
166.731918
164.115829
154.107742
154.281189
158.949203
156.825836
148.048706
144.858139
152.737122
148.176041
149.756805
162.596207
157.538818
159.743805
157.231277
156.017029
175.946869
190.318436
196.431534
197.703857
202.361984
210.104294
199.807251
183.774597
194.863983
200.182755
195.416061
202.421021
203.54509
220.239594
242.898819
247.387772
236.474335
258.934326
249.823486
248.467178
239.213135
233.779526
234.240753
228.50209
241.825027
238.425522
237.553604
219.239029
218.71524
195.487411
215.280014
218.015274
231.282623
215.737274
221.836899
214.921539
206.252991
191.511749
193.102158
200.676651
204.319366
208.67099
229.79924
233.993042
211.224396
201.124832
196.168259
194.199219
190.596909
194.621704
181.178085
167.954834
171.949493
173.431671
155.213058
153.341446
178.34079
176.954666
175.503296
182.835129
180.098053
173.671783
180.092545
178.597122
190.036316
190.273193
193.120926
198.000732
195.429504
177.425629
170.657562
172.75119
170.299072
178.517944
176.382843
170.297745
167.938904
155.099731
150.431351
136.402817
142.513458
140.839005
135.954941
140.183853
151.70311
146.01004
146.159027
147.801178
147.856522
139.92601
141.587189
135.792389
127.205284
111.966057
94.178368
99.578224
91.650162
94.720352
92.238045
89.632492
91.312897
96.223488
93.297676
99.738838
109.978981
101.837601
101.459038
112.174248
113.894302
115.299759
117.355148
113.595482
114.019379
106.202805
96.381882
95.918205
93.244102
96.433273
104.873306
101.932899
93.410423
90.06546
91.496651
90.901413
83.123161
86.465385
84.902786
89.194748
92.598824
90.141563
85.519051
99.520348
98.653557
100.649635
95.5392
88.245979
89.647842
84.542183
82.130066
82.254761
88.202065
82.939087
80.744995
81.553818
78.936073
81.17334
82.955086
87.903625
87.876846
89.822037
92.418152
88.614861
88.757202
90.51297
95.102684
102.223694
98.658104
101.764183
107.084221
106.465256
111.710312
120.699486
122.661461
134.430939
132.198868
136.77533
132.412628
126.862236
112.883385
118.796516
109.80088
112.972794
111.742439
99.339104
103.306389
105.001945
100.707802
101.309776
102.257317
100.409698
102.158531
108.582031
105.497002
101.776138
100.612053
100.744438
99.235794
101.247635
95.78215
98.378868
98.18573
94.011345
85.095932
89.671509
87.581017
85.842377
92.770851
84.596024
81.764107
78.983421
75.220184
63.269653
66.766151
50.21085
44.68359
48.593552
52.417225
58.81126
53.646461
57.125626
49.75621
52.213978
49.538509
50.317982
52.75518
49.05685
49.653336
47.982426
43.491211
40.981346
44.343163
44.909615
47.179443
45.767841
40.269669
40.891346
38.25922
38.931446
38.480534
42.433132
39.437572
38.843369
39.972607
37.089767
33.821117
30.743271
28.192362
29.714619
34.487942
29.989742
30.74292
31.807936
34.243748
35.417114
36.121159
34.121635
38.175232
42.212048
42.332813
39.408089
38.451252
35.326439
33.873901
33.588417
32.80307
33.359409
33.385933
36.78503
35.395554
37.073563
38.518307
38.28672
38.07196
36.697609
33.4636
32.757595
34.910938
37.107822
37.415928
39.574123
38.644722
43.746159
44.899876
42.09367
43.190594
40.618504
40.040977
41.006584
36.711998
36.190853
40.30785
42.845268
41.926998
43.75589
42.400204
41.786484
39.754505
38.544418
38.830673
40.561031
40.057007
40.605591
42.170551
40.372623
42.365868
42.821789
45.334759
46.485348
44.916569
43.823223
43.158806
40.403053
39.545231
35.890259
35.269733
36.533199
35.47438
35.646252
34.957916
35.316463
31.726362
31.542433
30.392286
32.465298
31.412056
31.472956
31.585678
31.22793
31.109484
32.106956
32.194649
30.891743
32.710918
33.608646
34.739765
35.126728
34.965961
37.424183
33.430817
34.091572
33.047684
32.208858
33.750778
31.059855
32.685303
31.433041
30.826378
32.408905
33.676636
33.46265
32.335361
33.880554
32.75013
33.235439
33.95245
33.212444
32.469395
32.055698
32.967621
34.122471
34.073883
33.342819
33.001465
32.577934
32.913883
31.970835
30.776869
31.165485
30.544519
30.007418
29.575348
30.16884
31.224876
30.164331
28.900799
28.085096
28.108677
28.013863
29.270071
28.310064
30.939976
31.284721
30.630625
32.111263
32.857128
32.965931
32.611038
32.248425
30.788076
30.84388
33.780853
36.765762
32.683582
29.601345
24.152937
13.940857
17.681408
16.326746
14.539001
13.164529
14.001356
14.301294
14.285508
13.638735
13.247497
12.851014
12.252833
11.846209
12.435625
14.351512
14.582351
14.063138
14.159194
14.115767
13.404518
13.369734
14.115445
13.480968
13.71564
13.302458
13.718219
13.831113
14.288855
13.519653
13.689222
13.580188
13.576996
13.42781
13.318544
13.833986
14.140526
14.021511
12.266606
12.504404
12.41312
11.932655
12.280515
12.128985
11.794829
11.786166
11.444276
11.387903
11.306611
11.08543
9.755906
9.651783
9.880177
9.961039
9.982173
11.272967
13.344046
13.435113
13.41933
13.525842
13.092268
14.319933
16.302464
16.196724
16.359415
16.619043
18.288445
24.249458
22.873306
23.577564
22.884064
20.850634
21.426765
25.548271
24.627838
24.23279
24.357807
22.795673
24.571445
24.350697
24.407858
23.981802
26.132387
23.946321
23.952547
24.993359
24.265059
24.680897
24.317745
23.493439
22.706388
23.861357
23.192671
20.452127
20.13011
20.830095
21.489979
20.7901
21.824953
23.883902
22.285952
23.166758
23.478592
24.840752
26.181387
24.948559
24.181349
23.900801
23.053036
22.523399
23.256088
22.692589
21.916388
22.506432
21.984879
21.399353
20.966839
20.978584
20.635012
20.244732
18.421194
17.308147
18.243643
18.225843
20.310532
20.433712
20.928034
19.290981
19.730543
21.629103
21.195902
21.903402
22.176464
22.618267
21.480486
22.216778
20.678856
20.446646
20.975519
19.921675
20.470697
21.111467
20.551046
21.170496
20.975641
20.536976
20.44305
20.92462
20.966007
20.610128
20.46994
20.036449
20.299465
20.882357
23.018827
23.985306
24.432308
24.772722
24.079378
25.361927
24.558846
24.85269
22.712835
22.18144
21.278135
21.816288
21.480139
21.391069
21.927254
21.283012
22.340115
23.366287
23.182997
22.832014
21.986633
22.264978
22.218002
21.730349
22.826111
21.974262
21.844229
20.657463
20.683645
20.953711
20.23488
20.911795
20.868761
20.953398
21.007189
20.67942
21.068399
20.348696
20.349871
20.285446
19.609438
19.542046
20.043182
19.223663
19.260662
19.366957
20.425234
20.798578
20.58651
21.254084
20.824503
20.502218
21.257595
21.155565
21.818975
20.07506
20.398483
18.634283
18.909475
17.3797
15.656101
15.558776
15.196708
15.018193
14.486572
14.759473
15.308254
15.650521
15.438235
16.073042
16.635231
17.257046
16.64262
17.149534
16.652863
16.97138
16.270027
16.61965
15.986843
17.970457
18.897322
18.683903
19.453594
19.240538
19.143229
18.992865
19.729385
21.484665
21.859268
21.349005
21.313776
22.092934
21.977602
26.025696
26.735718
27.391356
27.384083
26.872766
25.544504
26.372353
25.375168
25.544268
24.535053
24.766815
23.381491
23.279322
25.177053
25.099337
24.846857
25.168974
24.261019
23.720957
23.998753
23.145721
22.636049
22.793619
22.632204
23.185696
23.068756
24.211763
24.378527
24.613052
24.582861
24.906731
24.242886
25.142822
23.896585
22.811975
21.709974
21.335493
21.879038
21.773275
21.20826
20.546541
21.703625
21.033031
20.392719
20.280424
20.786839
20.5571
21.780764
20.834904
19.735092
19.327845
19.493744
19.578747
19.499409
20.272385
19.620029
19.890499
19.599045
19.446072
18.248831
17.739166
17.929827
18.403
18.838306
19.168844
19.140369
18.831629
19.657246
20.036188
20.304937
19.479071
19.438145
19.473904
19.37429
19.40414
19.023287
19.130022
19.957617
20.300655
21.395147
23.836487
23.3717
23.552694
23.144787
22.694141
23.424454
23.287302
23.246426
22.118397
22.105116
22.00742
21.300268
21.834917
22.011719
21.922028
23.982958
23.959318
23.432138
24.93792
27.033674
29.386229
29.036682
31.850985
30.151537
32.463066
32.775494
31.739698
31.653318
32.822609
34.962337
38.519516
41.461544
40.207569
39.51976
42.346596
41.238602
42.12859
43.092545
43.189888
45.444828
56.643852
56.102661
56.154099
51.907051
56.838375
65.534401
57.871403
58.415936
58.512726
61.393559
56.533833
52.000473
57.588558
56.599369
56.86644
58.846489
57.6427
55.064621
58.19437
59.25013
59.241623
59.803997
63.832859
63.039967
61.526615
60.994831
61.902958
67.83783
75.002434
72.257607
74.705887
70.367172
68.54068
70.767784
75.620331
72.368988
73.473503
71.000519
74.34716
72.989769
82.191231
93.854813
98.003693
107.594231
112.485214
121.146461
112.676735
107.023796
102.104568
106.311516
101.845085
101.505821
109.508682
106.611221
98.594437
105.077538
99.97879
93.857719
89.276344
97.790443
99.409187
102.03302
99.909439
91.720909
95.730049
94.133141
94.490227
97.626915
102.063599
94.250954
93.386169
92.569839
90.848434
83.62281
84.274506
88.73201
86.889214
92.442368
94.163216
95.937981
101.566666
101.472977
97.028709
97.846695
100.440521
97.879982
95.476959
95.54866
96.861076
100.979279
102.785637
106.933334
109.13147
107.495285
111.992752
112.579308
116.976326
113.699409
110.445915
108.984016
112.174675
111.485329
108.459641
105.125221
101.669792
99.954697
104.133522
103.453491
109.918533
108.388084
118.0522
125.711517
129.990402
129.70018
130.450867
133.19458
125.706711
130.74202
143.977859
145.240036
144.607254
144.515182
148.750961
151.015442
163.839813
176.679749
182.964691
181.880341
202.123566
195.992752
170.016281
191.549622
179.220749
174.363708
172.902252
183.573456
189.083542
190.69986
186.361465
189.621628
192.227951
194.385544
202.87413
192.567825
181.172256
185.248611
183.958115
174.501511
178.915344
179.649857
180.784775
172.41362
173.437363
172.57637
153.635468
139.34169
151.284943
138.508621
136.279327
131.86618
142.082397
142.680496
151.13356
148.609314
157.031219
154.701309
147.745148
144.89212
139.10434
141.289169
137.856415
137.776657
126.962708
134.627975
137.814484
143.772552
146.135056
145.713028
152.802399
148.134323
142.294739
152.849945
146.216904
145.314377
143.520813
147.282333
142.030396
158.186829
159.116455
169.530548
172.539139
170.091354
186.520493
178.11615
176.860779
175.985779
167.796921
168.437637
163.350906
169.99614
168.650848
168.072678
166.976532
165.637711
166.03067
163.249908
164.923462
171.801926
173.48291
170.01622
162.50705
157.968903
162.083603
158.928024
149.428986
155.177567
147.314423
143.094437
145.412216
151.125504
143.334274
137.503998
135.609604
133.472961
134.588303
133.670242
128.590424
132.241394
136.559204
136.609146
149.44838
139.7034
140.010147
146.492493
146.595062
153.700485
140.731415
127.550819
134.369339
143.24118
131.774094
139.463699
141.34845
141.974792
135.883224
139.528015
141.924973
147.622314
159.933975
160.55188
155.584106
159.072418
169.185867
173.891785
184.541611
178.978287
172.757568
178.032303
171.963074
183.136719
184.085403
184.886078
182.780594
179.107193
171.826157
167.672119
152.638229
142.921997
138.055084
129.864304
144.090363
144.632095
162.93074
156.457214
153.959167
141.526855
146.454239
146.712692
143.923462
142.745819
139.330566
141.798508
142.586884
144.343689
143.16774
142.70961
143.257935
153.107086
160.73175
158.909119
157.236877
146.897095
143.891388
140.054031
138.099991
135.374252
128.690552
135.002365
127.577583
133.603912
129.328949
124.990074
127.721565
129.989517
135.02562
135.635223
132.497391
136.141907
139.10054
137.179779
131.49939
131.472595
131.537079
133.991852
142.836273
146.566803
149.527039
144.80365
144.814987
152.892151
148.023422
155.576096
157.749939
156.91243
158.629166
152.618469
145.289886
140.385559
136.785187
143.172272
142.711746
146.442368
143.991791
143.394424
139.315536
138.888412
145.381149
146.50029
147.572433
157.445129
154.720627
154.234222
150.316025
154.975937
159.639359
166.939819
166.216873
167.260147
170.932495
177.156937
164.756897
170.705963
176.549194
178.104904
179.360748
174.924973
168.429993
166.262131
166.010345
162.5513
157.747101
166.722397
186.954788
196.334595
199.939011
200.194916
210.613724
222.641678
212.231812
215.184555
209.21907
218.09491
215.848831
237.575531
239.79425
238.097549
235.42366
257.065887
256.518677
255.178513
252.919525
234.446609
230.978195
242.302216
237.764008
243.5495
237.743744
237.069931
225.756195
234.200317
229.119293
233.998703
237.051071
238.547958
236.672333
217.341461
213.824615
227.446838
227.026718
224.837296
219.840759
223.657669
216.334961
222.816727
206.381744
194.284515
194.208176
181.301453
180.168915
189.753693
196.989029
197.47908
188.218109
183.828476
195.013535
189.744263
191.028046
189.264481
193.873734
207.767044
217.74733
216.622925
213.393631
218.723129
202.230255
197.559052
185.025284
187.579178
187.995514
188.560379
182.835358
187.498596
205.911346
211.227844
219.621613
261.869751
250.586365
242.250229
250.413788
257.237366
253.4552
253.361221
256.073578
240.883453
235.074448
227.203964
227.944931
239.023148
231.637909
213.785019
203.119629
216.149582
207.09198
195.988144
189.772491
192.204651
199.599899
200.497559
200.356354
197.982361
196.773804
194.460953
199.935669
194.482086
188.486404
177.689743
169.08429
169.010803
176.048889
168.891632
172.162857
168.038116
141.989487
144.107758
134.831329
137.620804
148.030014
143.675705
178.495499
142.021088
144.91658
146.267303
143.355225
139.209137
136.942078
126.435432
118.291748
125.263947
126.583244
123.286148
133.314484
135.912537
125.988106
128.163712
125.312698
135.57251
127.497185
128.430313
128.484985
132.599319
140.869278
143.817078
137.288574
138.347382
129.423157
124.587646
124.642632
124.69413
126.682381
117.757629
117.061455
122.78688
120.258995
105.712013
106.902779
105.512192
119.057541
112.803925
121.532379
132.260559
128.580795
129.310379
126.26313
131.449692
134.698746
134.073502
139.750259
137.774597
136.704391
148.73941
151.152725
152.303635
150.915009
149.289368
148.245834
147.809937
146.427872
147.643204
150.846588
148.050034
146.796051
143.983063
146.69664
146.766403
147.213745
163.960785
172.828278
177.621811
173.026459
174.247894
184.006256
176.709229
169.009995
167.333954
165.930832
173.898712
166.864227
168.483688
173.681732
179.690948
173.825424
176.042404
175.725479
174.907898
176.815186
172.18956
166.588181
156.234711
156.638947
157.784546
156.998062
155.34317
153.35965
144.542953
147.913132
150.134064
152.430099
161.088654
165.028168
161.055862
152.789673
148.628357
144.763748
152.814392
150.869995
147.749802
146.353119
147.071472
140.168594
135.161011
131.615692
144.846725
145.954529
143.505127
139.05986
142.191483
150.82756
153.353088
154.735306
146.926636
152.227631
152.401794
147.763641
147.641449
151.87294
148.872345
151.810394
157.281509
164.062775
162.883377
160.684845
161.194016
162.275223
163.950439
173.708481
175.793045
177.381973
177.070129
181.546036
195.994263
205.700546
189.542938
182.606064
186.779663
184.913879
188.73349
182.541565
181.335312
177.694016
172.424347
162.87709
158.483017
161.954971
169.42569
164.096436
168.175735
175.485428
176.76329
180.182343
182.903015
174.977814
191.856827
201.590424
192.585953
185.741257
189.766998
191.164825
183.06987
176.112274
187.586304
180.280624
200.647446
203.936737
205.852371
187.278442
195.90509
202.92337
214.40564
205.220001
202.860138
200.863541
197.108337
209.481537
210.746307
202.560181
203.49852
200.246307
206.468185
214.186401
217.250687
223.986908
228.75618
242.303284
242.595901
240.557693
234.357559
236.989578
244.857452
247.637131
238.552704
239.592484
236.575455
220.496445
213.7173
211.756256
192.380768
205.352554
203.583328
210.737747
213.053406
208.743118
221.675873
234.856873
233.001968
228.003204
228.601196
232.516037
220.482712
229.101212
220.991074
188.663864
178.054169
197.508545
208.367294
202.460342
194.021866
184.68895
182.03479
187.660294
187.798203
189.750671
185.666275
180.148132
191.388275
193.560226
194.040375
200.028625
198.741714
194.442795
194.410873
184.62442
187.209473
186.380051
187.825974
166.090698
155.403183
162.566071
155.065918
161.708176
158.102509
164.453842
167.367004
154.568329
153.262039
145.108475
138.676605
139.535202
137.265732
130.848267
140.714386
136.766953
133.517151
128.500504
127.551201
130.705063
138.371353
138.891144
143.012192
140.846405
137.390198
136.081711
133.564819
126.709023
138.67421
144.898499
139.014526
133.322998
132.34845
132.093567
133.278229
137.901611
136.469025
136.371567
132.324295
133.247467
129.481094
127.757118
129.251205
123.119804
119.570152
126.192749
125.809036
125.991501
125.801231
123.857216
122.458603
119.947121
122.195953
124.647713
125.199356
123.125229
124.93132
124.484467
126.761124
132.133667
133.298477
133.899612
137.989975
141.098419
136.313019
138.293427
135.756393
135.727005
139.490463
139.136185
145.36087
146.752808
142.332443
144.860474
143.725677
137.995422
133.338699
125.705727
129.379074
128.288345
127.36158
127.053818
118.772858
124.139725
127.054794
125.118446
117.605766
117.363037
105.44165
100.850525
104.471153
97.563904
92.029305
78.187416
87.464775
87.639832
87.044106
86.701782
82.915482
79.25425
78.348442
84.32254
88.160835
86.005096
86.428787
85.197609
81.566948
82.39325
84.635109
85.211136
82.790977
77.753319
79.036522
87.915604
85.909119
81.951485
84.36618
83.57766
86.634521
87.019753
90.834267
88.691109
84.681801
83.179955
81.624588
84.936172
85.838226
86.564934
86.86779
88.15329
88.070686
92.251823
96.223724
94.705971
90.06572
88.917847
89.853569
87.46537
86.128349
91.42408
90.822426
91.708221
86.443932
83.018829
82.015602
81.422401
82.444054
83.106461
81.195259
78.951317
80.368546
80.80838
81.854492
80.151573
85.64801
82.581696
83.297729
84.828476
84.948769
81.535233
86.656563
83.774628
84.919334
88.994209
88.874161
86.202713
83.580948
85.332954
86.029465
86.915825
86.14106
86.23188
86.151176
86.970383
84.817787
84.038979
83.026871
83.023758
83.723503
84.276611
83.899574
84.089859
86.319191
89.14502
88.404785
91.949821
93.145515
96.426987
97.350151
94.284294
91.085472
92.148727
89.200356
86.536484
85.172951
85.296898
84.208603
86.041939
87.156204
84.307091
85.658485
85.249695
85.010506
83.586517
82.368126
81.985428
81.932487
82.547295
82.07
82.08
82.045
81.975
81.97
81.905
81.89
81.885
81.925
81.95
81.88
81.875
81.845
81.87
81.905
81.935
81.885
81.875
81.815
81.835
81.775
81.775
81.83
81.905
81.905
81.885
81.895
81.875
81.825
81.815
81.805
81.815
81.805
81.705
81.655
81.685
81.69
81.71
81.68
81.705
81.725
81.645
81.605
81.605
81.525
81.54
81.625
81.615
81.625
81.595
81.555
81.36
81.37
81.355
81.375
81.455
81.475
81.515
81.505
81.49
81.495
81.445
81.38
81.36
81.365
81.365
81.375
81.415
81.41
81.405
81.455
81.485
81.435
81.435
81.445
81.545
81.515
81.465
81.445
81.455
81.495
81.445
81.465
81.445
81.375
81.425
81.405
81.435
81.475
81.505
81.525
81.54
81.495
81.505
81.525
81.555
81.545
81.555
81.585
81.625
81.615
81.625
81.625
81.685
81.705
81.655
81.695
81.705
81.72
81.745
81.75
81.765
81.735
81.735
81.725
81.725
81.725
81.745
81.775
81.745
81.745
81.71
81.715
81.725
81.74
81.745
81.735
81.72
81.715
81.725
81.715
81.685
81.62
81.58
81.615
81.63
81.615
81.635
81.685
81.655
81.675
81.695
81.675
81.665
81.605
81.585
81.535
81.505
81.545
81.555
81.535
81.555
81.585
81.555
81.605
81.595
81.615
81.625
81.595
81.635
81.715
81.695
81.665
81.685
81.685
81.665
81.645
81.655
81.685
81.685
81.645
81.66
81.605
81.585
81.565
81.535
81.58
81.575
81.6
81.595
81.625
81.635
81.655
81.625
81.635
81.635
81.625
81.595
81.565
81.555
81.58
81.565
81.555
81.575
81.535
81.535
81.545
81.505
81.505
81.53
81.525
81.525
81.525
81.535
81.525
81.485
81.455
81.385
81.375
81.365
81.375
81.42
81.435
81.365
81.26
81.335
81.315
81.345
81.395
81.405
81.425
81.425
81.475
81.455
81.435
81.415
81.415
81.415
81.415
81.415
81.445
81.445
81.465
81.475
81.485
81.515
81.515
81.495
81.64
81.595
81.585
81.575
81.55
81.615
81.655
81.675
81.67
81.68
81.635
81.605
81.595
81.645
81.64
81.645
81.675
81.72
81.695
81.755
81.765
81.745
81.665
81.685
81.685
81.695
81.705
81.675
81.705
81.695
81.695
81.695
81.675
81.685
81.685
81.705
81.685
81.685
81.695
81.635
81.655
81.71
81.715
81.725
81.725
81.725
81.265
81.37
81.365
81.34
81.265
81.285
81.14
81.105
81.075
81.055
80.965
81.055
81.085
81.165
81.15
81.315
81.39
81.34
81.305
81.28
81.23
81.245
81.25
81.245
81.25
81.175
81.165
81.235
81.145
81.195
81.085
81.045
81.04
81.015
81.085
81.135
81.15
81.09
81.135
81.125
81.06
81.055
81.015
81.04
80.995
81.0
81.135
81.065
81.075
81.03
81.0
80.965
80.965
80.935
80.905
80.965
80.955
80.865
80.845
80.885
80.835
80.875
80.915
80.965
81.0
80.935
80.955
81.035
81.045
81.065
80.945
80.875
80.935
80.935
80.805
80.835
80.875
80.885
80.865
80.885
80.885
80.885
80.885
80.885
80.885
80.885
80.885
80.885
80.825
80.805
80.82
80.82
80.74
80.905
80.755
80.765
80.785
80.725
80.775
80.715
80.69
80.675
80.745
80.785
80.835
80.755
80.745
80.745
80.745
80.715
80.735
80.75
80.76
80.785
80.795
80.745
80.775
80.69
80.57
80.48
80.37
80.43
80.395
80.39
80.325
80.285
80.085
80.165
80.175
80.235
80.355
80.32
80.235
80.14
80.175
80.19
80.175
74.835
74.835
74.86
