0.037603
0.041542
0.038319
0.0382
0.03808
0.036289
0.037006
0.034141
0.034857
0.036767
0.037841
0.036528
0.035095
0.034738
0.037722
0.039871
0.040109
0.03796
0.038557
0.039871
0.040109
0.042019
0.045362
0.04393
0.0419
0.042139
0.041781
0.038916
0.03808
0.040229
0.040825
0.042139
0.041422
0.039632
0.038916
0.040587
0.039274
0.039513
0.03999
0.040109
0.038916
0.036528
0.036289
0.036767
0.03999
0.041184
0.037722
0.040348
0.039154
0.03796
0.037006
0.040109
0.040825
0.040109
0.038438
0.036886
0.035812
0.036767
0.03796
0.036289
0.035573
0.03617
0.034618
0.032947
0.031276
0.034618
0.034379
0.034379
0.034857
0.035095
0.033186
0.033902
0.033245
0.033424
0.033424
0.035215
0.036289
0.036289
0.034379
0.036051
0.037722
0.036051
0.033186
0.03247
0.03235
0.032589
0.03247
0.03223
0.032589
0.032708
0.031514
0.03235
0.032589
0.032947
0.033783
0.034379
0.034499
0.033783
0.03247
0.03247
0.033424
0.03247
0.031276
0.032947
0.03235
0.032947
0.03223
0.032708
0.033186
0.033544
0.036528
0.034618
0.037125
0.037244
0.036528
0.037364
0.040527
0.042377
0.042497
0.040825
0.041065
0.0419
0.040825
0.040109
0.038916
0.037125
0.037125
0.037244
0.037364
0.03796
0.038319
0.038438
0.038796
0.037841
0.037841
0.038438
0.038438
0.038438
0.039154
0.041781
0.043809
0.043333
0.041661
0.041781
0.042736
0.051808
0.051331
0.048227
0.047988
0.047749
0.047033
0.049659
0.04948
0.053718
0.051211
0.050614
0.050972
0.050734
0.050614
0.049898
0.050614
0.048943
0.047511
0.047869
0.046674
0.046555
0.044884
0.040587
0.041542
0.03808
0.034618
0.036767
0.040109
0.036886
0.036767
0.036528
0.037244
0.040825
0.04572
0.042736
0.044884
0.04369
0.043093
0.0419
0.041065
0.040825
0.038677
0.037125
0.038438
0.040229
0.041184
0.039154
0.042974
0.041065
0.039154
0.042258
0.044884
0.047749
0.052404
0.055747
0.053956
0.055509
0.054672
0.054196
0.058015
0.061119
0.059926
0.065656
0.068162
0.0684
0.08189
0.081771
0.075922
0.073533
0.073057
0.07043
0.066132
0.069475
0.074608
0.072817
0.074847
0.07234
0.075563
0.073295
0.072459
0.072221
0.071027
0.068759
0.068281
0.071862
0.077831
0.081174
0.083084
0.088575
0.085233
0.084993
0.087858
0.088575
0.089649
0.08941
0.087023
0.084158
0.078667
0.07998
0.082606
0.079263
0.077235
0.080457
0.083919
0.087501
0.086665
0.086426
0.085471
0.081652
0.080935
0.077592
0.073533
0.071385
0.070789
0.072459
0.074489
0.075682
0.077473
0.072698
0.07616
0.07807
0.094066
0.095499
0.110778
0.106481
0.111375
0.115314
0.128685
0.125103
0.12582
0.124626
0.116866
0.116031
0.122238
0.118657
0.110659
0.112449
0.111733
0.159124
0.160437
0.191564
0.225376
0.285063
0.210335
0.20174
0.179865
0.190758
0.190639
0.181208
0.182522
0.185744
0.177985
0.166286
0.153872
0.143725
0.142889
0.161362
0.148739
0.143248
0.175121
0.183238
0.195891
0.178582
0.167958
0.15053
0.144083
0.1314
0.138115
0.162586
0.154827
0.153991
0.146351
0.162347
0.160676
0.173807
0.170226
0.175717
0.168913
0.166167
0.168197
0.175956
0.16951
0.167123
0.150649
0.157095
0.15232
0.162825
0.179537
0.211051
0.196726
0.195055
0.20771
0.206038
0.203412
0.200547
0.201562
0.209858
0.217975
0.224063
0.251281
0.256681
0.243879
0.233016
0.234807
0.241491
0.235045
0.242446
0.242208
0.248535
0.286018
0.303923
0.299865
0.330305
0.31228
0.282795
0.316935
0.27217
0.261666
0.223944
0.242805
0.233494
0.208426
0.221079
0.222273
0.233732
0.252593
0.259755
0.284108
0.281959
0.278856
0.273364
0.255936
0.26286
0.266202
0.243521
0.234448
0.21702
0.201502
0.206277
0.229196
0.22466
0.229196
0.239224
0.243521
0.26262
0.256891
0.249251
0.252116
0.246148
0.248535
0.271992
0.278856
0.284108
0.294135
0.298671
0.270499
0.286257
0.293897
0.286495
0.297955
0.297239
0.299865
0.303207
0.303685
0.304163
0.283153
0.298433
0.280765
0.269306
0.267634
0.267515
0.265009
0.270798
0.254981
0.26286
0.254265
0.265187
0.269783
0.289122
0.296046
0.31228
0.32183
0.312757
0.305356
0.288883
0.28554
0.278856
0.261427
0.267157
0.246863
0.249013
0.239224
0.248773
0.243043
0.225376
0.221795
0.243283
0.265963
0.259995
0.251638
0.229674
0.239462
0.233971
0.217498
0.237373
0.237313
0.255458
0.27217
0.29318
0.273364
0.265247
0.237553
0.22466
0.225615
0.266918
0.263397
0.246863
0.242089
0.223466
0.219169
0.20771
0.219646
0.212245
0.196428
0.184312
0.154707
0.169988
0.172613
0.183835
0.157572
0.154707
0.190042
0.190042
0.18479
0.170465
0.158766
0.143009
0.147724
0.136562
0.121761
0.106481
0.133937
0.128445
0.13704
0.137756
0.125162
0.11436
0.149455
0.166645
0.141696
0.155185
0.158288
0.169271
0.183357
0.179537
0.165451
0.171419
0.204307
0.198875
0.190997
0.210037
0.209141
0.188132
0.194101
0.195055
0.199353
0.197204
0.198219
0.17906
0.178821
0.179776
0.171419
0.170465
0.169271
0.164735
0.169748
0.182163
0.215587
0.227287
0.204605
0.213916
0.222989
0.207589
0.202934
0.190758
0.170703
0.184192
0.166466
0.168077
0.184312
0.199115
0.205799
0.191236
0.184312
0.206277
0.217975
0.228719
0.227764
0.240894
0.218452
0.234688
0.258323
0.255936
0.269783
0.259995
0.260174
0.264053
0.247998
0.237553
0.245431
0.220124
0.240418
0.239462
0.227821
0.249327
0.264378
0.26835
0.261818
0.274653
0.295129
0.320492
0.332181
0.314648
0.292378
0.305824
0.281721
0.301775
0.3182
0.34792
0.339936
0.338447
0.343107
0.358501
0.332564
0.316978
0.306321
0.29849
0.301049
0.31186
0.326566
0.332335
0.32966
0.344558
0.354872
0.351855
0.357049
0.350288
0.335925
0.32966
0.327024
0.345131
0.339783
0.357622
0.35915
0.379434
0.369579
0.358768
0.370725
0.358272
0.357508
0.363085
0.348722
0.32966
0.343833
0.350326
0.348761
0.348073
0.358119
0.347042
0.351129
0.354299
0.338599
0.342916
0.318048
0.308269
0.298184
0.300629
0.300056
0.315794
0.309262
0.284394
0.300285
0.289895
0.294556
0.286075
0.258992
0.276525
0.273851
0.301775
0.309415
0.302042
0.309033
0.327904
0.335696
0.333061
0.343145
0.338064
0.32947
0.323701
0.32332
0.33688
0.327941
0.328324
0.342151
0.319996
0.31778
0.311095
0.323893
0.316711
0.325764
0.337033
0.33264
0.321945
0.320913
0.323586
0.301088
0.307505
0.294937
0.298031
0.289399
0.259679
0.244018
0.241038
0.22064
0.206047
0.229196
0.220258
0.212312
0.200547
0.209868
0.192066
0.18244
0.218348
0.246691
0.251352
0.257005
0.245851
0.261666
0.290009
0.30888
0.307505
0.338447
0.318583
0.332029
0.338905
0.346927
0.340815
0.355866
0.376723
0.349829
0.321409
0.320875
0.327445
0.355407
0.360372
0.361672
0.386501
0.386807
0.380083
0.406441
0.417366
0.413928
0.402393
0.404531
0.401017
0.392231
0.381229
0.37634
0.381612
0.408886
0.413241
0.392384
0.409574
0.417442
0.411102
0.444182
0.480013
0.472449
0.45801
0.462594
0.479173
0.494071
0.479861
0.501481
0.519512
0.506141
0.492314
0.472908
0.493383
0.505683
0.518059
0.530055
0.517296
0.511108
0.514163
0.547855
0.531889
0.517601
0.523713
0.516532
0.504155
0.481847
0.456559
0.499189
0.479708
0.496515
0.487424
0.4752
0.484139
0.501481
0.500182
0.519435
0.493994
0.499953
0.502245
0.489945
0.466873
0.462289
0.473825
0.458468
0.440974
0.465344
0.4752
0.469089
0.474894
0.438147
0.409115
0.430507
0.401093
0.381383
0.411254
0.420193
0.40606
0.38971
0.427375
0.451211
0.450065
0.435931
0.432417
0.445328
0.440133
0.417061
0.409498
0.386807
0.403156
0.403156
0.3946
0.355407
0.374277
0.371069
0.351892
0.359074
0.347614
0.338905
0.333327
0.324618
0.33073
0.329126
0.321638
0.332411
0.311402
0.294212
0.2813
0.280231
0.291538
0.30422
0.307811
0.302692
0.282064
0.28344
0.27198
0.248143
0.25777
0.232023
0.270681
0.265944
0.270757
0.259832
0.250206
0.240656
0.246691
0.275036
0.26327
0.24356
0.258304
0.283974
0.289551
0.290086
0.299254
0.302463
0.27939
0.290697
0.272973
0.267625
0.257005
0.266708
0.262812
0.25563
0.24058
0.252727
0.24906
0.249136
0.246768
0.244705
0.233704
0.213535
0.211319
0.215291
0.217202
0.216056
0.182211
0.180531
0.173119
0.176328
0.161736
0.153332
0.130489
0.131253
0.130947
0.122696
0.133316
0.145081
0.149436
0.142102
0.138205
0.152262
0.15211
0.167237
0.162729
0.148901
0.145081
0.138511
0.132093
0.122238
0.13003
0.115056
0.112382
0.115515
0.123919
0.084573
0.076475
0.071433
0.065703
0.069141
0.067537
0.071968
0.070287
0.070287
0.068835
0.073496
0.078614
0.08167
0.096645
0.092366
0.097255
0.09397
0.087782
0.08847
0.083427
0.078232
0.079226
0.077163
0.072426
0.071968
0.069217
0.070745
0.070669
0.080753
0.084727
0.082052
0.080753
0.075635
0.074489
0.072426
0.069981
0.070363
0.067308
0.067842
0.071585
0.067766
0.065397
0.065397
0.068912
0.068835
0.065474
0.062188
0.059133
0.057375
0.056306
0.059209
0.067308
0.065321
0.072121
0.066085
0.071127
0.071814
0.078309
0.080906
0.084191
0.079913
0.084803
0.085261
0.081518
0.085872
0.090915
0.107722
0.119487
0.114751
0.123613
0.11116
0.086789
0.080066
0.087171
0.089921
0.09588
0.102909
0.106729
0.108257
0.113681
0.123308
0.120099
0.124454
0.121092
0.130489
0.130871
0.129878
0.121321
0.106805
0.107798
0.107951
0.099318
0.107646
0.107035
0.105277
0.101152
0.107111
0.106959
0.098784
0.096645
0.097943
0.09863
0.096645
0.094887
0.091296
0.088087
0.087935
0.094047
0.094047
0.101687
0.101381
0.091296
0.092901
0.094505
0.093741
0.094429
0.091525
0.085337
0.082128
0.080066
0.080143
0.082358
0.077698
0.076552
0.079302
0.080906
0.077621
0.078844
0.080372
0.076781
0.077468
0.07808
0.074565
0.075482
0.074106
0.074489
0.075406
0.091984
0.097255
0.098172
0.098172
0.098249
0.099471
0.09886
0.094047
0.096033
0.096415
0.094811
0.094047
0.095575
0.09397
0.095422
0.092748
0.093436
0.096033
0.105583
0.102527
0.108486
0.107646
0.108181
0.109174
0.108181
0.104131
0.107111
0.11009
0.106959
0.102604
0.098401
0.101305
0.105048
0.106423
0.102298
0.103367
0.102375
0.101839
0.102375
0.101229
0.102985
0.102451
0.102451
0.104284
0.106959
0.108334
0.110778
0.107493
0.103521
0.106652
0.109938
0.10948
0.110167
0.121474
0.124454
0.124607
0.12262
0.122696
0.163264
0.15868
0.1557
0.155548
0.160896
0.162424
0.153256
0.154325
0.15975
0.160284
0.159444
0.173578
0.173119
0.184961
0.199935
0.188858
0.192754
0.197338
0.202992
0.196803
0.194434
0.197262
0.197414
0.194434
0.179308
0.183128
0.187482
0.194664
0.182822
0.180912
0.174494
0.174113
0.175259
0.175488
0.172356
0.17503
0.182211
0.181677
0.179614
0.191379
0.18924
0.193595
0.185649
0.186642
0.185191
0.179155
0.176939
0.168077
0.162424
0.159979
0.162653
0.164792
0.158375
0.160896
0.155929
0.145693
0.144088
0.145845
0.150658
0.156312
0.155853
0.149512
0.147449
0.118418
0.124836
0.127357
0.128197
0.123766
0.123384
0.127051
0.136754
0.134843
0.138511
0.139504
0.13874
0.136525
0.14065
0.136983
0.138817
0.137594
0.13492
0.136219
0.142713
0.149283
0.158451
0.147602
0.145693
0.147832
0.145386
0.149894
0.151652
0.152798
0.151575
0.145616
0.146991
0.135837
0.133927
0.128808
0.121856
0.122009
0.123002
0.124912
0.128197
0.127204
0.12835
0.123842
0.1256
0.127815
0.129114
0.131483
0.129801
0.131406
0.12728
0.130107
0.13408
0.131788
0.131176
0.130718
0.131406
0.139657
0.139657
0.137059
0.135073
0.137594
0.138052
0.138588
0.138817
0.166167
0.165709
0.161583
0.163722
0.163799
0.154096
0.152492
0.150277
0.154478
0.150353
0.150964
0.160055
0.162805
0.162959
0.162195
0.164487
0.163799
0.162118
0.161278
0.156083
0.157229
0.149054
0.152339
0.160055
0.159215
0.156007
0.158145
0.15509
0.158604
0.160972
0.161201
0.167772
0.166549
0.173731
0.181065
0.181447
0.177245
0.176328
0.182058
0.189469
0.19115
0.191837
0.194588
0.196803
0.186642
0.185267
0.185573
0.188399
0.193671
0.184732
0.180453
0.176405
0.183357
0.17289
0.172432
0.167389
0.169988
0.172738
0.172126
0.167466
0.169988
0.173884
0.172661
0.179002
0.185267
0.17969
0.178009
0.179995
0.179995
0.179919
0.184427
0.178009
0.170904
0.171897
0.173043
0.169988
0.172509
0.1693
0.167084
0.170751
0.169529
0.163646
0.1625
0.160132
0.158909
0.162271
0.158604
0.165404
0.169452
0.171363
0.169376
0.168077
0.168764
0.176328
0.186566
0.186031
0.194053
0.199859
0.201693
0.198102
0.200929
0.20811
0.199706
0.198637
0.20429
0.200471
0.19581
0.196803
0.18649
0.180377
0.180148
0.172509
0.172738
0.173731
0.177551
0.170598
0.169147
0.168459
0.163799
0.15677
0.154784
0.164639
0.166014
0.167389
0.168688
0.162118
0.166091
0.163799
0.164334
0.164334
0.161736
0.164334
0.163951
0.161583
0.161966
0.16143
0.168459
0.171897
0.172432
0.179155
0.179002
0.177627
0.169071
0.167389
0.171439
0.168383
0.160513
0.158909
0.153944
0.156236
0.153791
0.150735
0.150964
0.14829
0.152492
0.15509
0.153715
0.154707
0.153408
0.15868
0.156388
0.149207
0.147144
0.138511
0.139198
0.13492
0.129114
0.126134
0.125905
0.120328
0.119487
0.115973
0.117272
0.11964
0.112382
0.114751
0.111695
0.108563
0.112153
0.109327
0.116508
0.117807
0.119335
0.113147
0.114369
0.111236
0.072044
0.075252
0.081212
0.078844
0.07701
0.080219
0.079455
0.08381
0.089387
0.089081
0.094353
0.096415
0.092824
0.096797
0.097026
0.09886
0.095575
0.095193
0.097026
0.100999
0.097943
0.096109
0.094124
0.103521
0.107493
0.109556
0.110014
0.103902
0.107798
0.11223
0.112077
0.115056
0.109709
0.110702
0.10734
0.10543
0.106959
0.109556
0.110931
0.115515
0.1188
0.116126
0.116585
0.117272
0.110855
0.111007
0.109403
0.108715
0.10543
0.102527
0.10436
0.103673
0.104896
0.107264
0.101458
0.101916
0.110702
0.113757
0.112535
0.110549
0.112918
0.114522
0.115591
0.117731
0.134767
0.136219
0.135379
0.135379
0.138052
0.138281
0.140344
0.139886
0.142255
0.144088
0.144852
0.148978
0.149589
0.1502
0.151728
0.148748
0.146151
0.149818
0.151804
0.158375
0.165938
0.174265
0.176328
0.174724
0.178085
0.173196
0.17671
0.178315
0.180683
0.176176
0.174265
0.175564
0.175793
0.176252
0.174724
0.173807
0.175335
0.174648
0.179995
0.180148
0.171668
0.173272
0.171592
0.168306
0.168688
0.163493
0.162118
0.163799
0.164334
0.166931
0.163112
0.163493
0.163799
0.157229
0.159979
0.162042
0.17503
0.174801
0.175106
0.178391
0.188323
0.186337
0.197033
0.194664
0.196574
0.189698
0.194129
0.199783
0.195581
0.197338
0.19665
0.194893
0.215979
0.218729
0.211624
0.217202
0.220334
0.22148
0.220945
0.214452
0.211548
0.210631
0.21277
0.201998
0.196726
0.19665
0.19222
0.197643
0.193671
0.190386
0.188475
0.184656
0.190997
0.187559
0.191608
0.19199
0.189851
0.185649
0.185649
0.181523
0.179766
0.178697
0.175564
0.178239
0.181523
0.179155
0.17564
0.17778
0.170369
0.168994
0.163112
0.161966
0.167618
0.1625
0.171515
0.16991
0.172585
0.171821
0.16525
0.165785
0.167542
0.166931
0.166014
0.171286
0.174648
0.177016
0.180301
0.173272
0.170369
0.174113
0.193518
0.194205
0.196345
0.197796
0.197414
0.200929
0.205589
0.208493
0.205818
0.211624
0.210249
0.20704
0.208951
0.216744
0.216208
0.214145
0.208951
0.207499
0.216208
0.213764
0.2185
0.205589
0.204977
0.206047
0.205589
0.208722
0.210707
0.210478
0.213764
0.206964
0.205284
0.206582
0.204672
0.204138
0.205055
0.208263
0.21384
0.212312
0.214986
0.218195
0.216973
0.217278
0.207652
0.205436
0.200318
0.203068
0.206124
0.202609
0.197338
0.198484
0.202609
0.206735
0.208339
0.206735
0.209868
0.212694
0.212694
0.210478
0.215827
0.21659
0.216056
0.212847
0.215827
0.228814
0.234621
0.230647
0.230647
0.224688
0.223084
0.22125
0.222703
0.222855
0.224383
0.220945
0.221327
0.229272
0.234392
0.234468
0.230647
0.232558
0.239969
0.242795
0.245928
0.245087
0.252498
0.249442
0.253873
0.254026
0.250436
0.255325
0.253109
0.24631
0.2499
0.251963
0.252803
0.254332
0.259603
0.261895
0.269076
0.265562
0.256776
0.255859
0.252574
0.246157
0.243101
0.246004
0.244705
0.244705
0.247074
0.243024
0.240961
0.242643
0.244018
0.250665
0.252269
0.245393
0.240274
0.247685
0.256317
0.253186
0.267854
0.264722
0.260214
0.259068
0.254255
0.265715
0.255859
0.260062
0.265562
0.266173
0.265256
0.277022
0.276487
0.281377
0.288863
0.288024
0.29085
0.289399
0.271063
0.276181
0.279466
0.279543
0.274348
0.275494
0.275952
0.273736
0.277633
0.281682
0.285349
0.282675
0.279085
0.281529
0.276869
0.276716
0.276181
0.284586
0.286801
0.288558
0.291232
0.284738
0.279314
0.291996
0.300171
0.30697
0.312012
0.320722
0.320799
0.332411
0.327674
0.324771
0.324542
0.326222
0.344329
0.334703
0.336613
0.338294
0.335314
0.346774
0.353345
0.349371
0.343489
0.343718
0.333251
0.336307
0.345781
0.33348
0.343107
0.337301
0.33539
0.336536
0.337148
0.343641
0.360602
0.362665
0.354949
0.354337
0.348913
0.348837
0.362971
0.360067
0.373743
0.374277
0.375576
0.374812
0.368394
0.366561
0.368471
0.362054
0.366409
0.376569
0.382605
0.369617
0.372597
0.36977
0.388029
0.376875
0.383904
0.396892
0.407587
0.413852
0.436084
0.439064
0.437459
0.442349
0.463052
0.466797
0.467713
0.46649
0.458392
0.447238
0.465268
0.45228
0.453503
0.442807
0.445557
0.444946
0.428902
0.442043
0.441737
0.438682
0.44571
0.446474
0.472144
0.471533
0.474589
0.471533
0.47795
0.475811
0.461296
0.451058
0.435014
0.402315
0.408122
0.397426
0.381383
0.364117
0.371756
0.366714
0.362741
0.367478
0.365492
0.366256
0.350975
0.351129
0.369464
0.364117
0.348837
0.339516
0.333404
0.327292
0.326222
0.308193
0.303456
0.312318
0.339669
0.330959
0.321028
0.315986
0.319499
0.310179
0.310332
0.307428
0.29765
0.314152
0.328362
0.325305
0.330042
0.315221
0.305442
0.295968
0.283134
0.292607
0.278549
0.271368
0.269993
0.272132
0.286954
0.299483
0.293524
0.271521
0.298872
0.309415
0.309415
0.313846
0.346392
0.338294
0.324695
0.3496
0.371603
0.366561
0.362283
0.371909
0.371756
0.369159
0.357546
0.355712
0.389939
0.417901
0.411331
0.418054
0.402622
0.40201
0.401705
0.405831
0.404607
0.418512
0.437459
0.446474
0.444794
0.426152
0.435473
0.413623
0.421874
0.423249
0.429819
0.441127
0.444641
0.44296
0.45167
0.468782
0.456559
0.473214
0.469394
0.455489
0.471839
0.461906
0.460531
0.451822
0.452128
0.440668
0.432417
0.474894
0.461448
0.472602
0.50301
0.49155
0.4943
0.496286
0.515997
0.51508
0.495369
0.482229
0.491397
0.485743
0.482534
0.496592
0.501176
0.517067
0.494759
0.500718
0.532805
0.491702
0.488341
0.49812
0.513246
0.521039
0.528679
0.539223
0.526234
0.550071
0.555572
0.546404
0.553433
0.55496
0.560155
0.551446
0.560919
0.565045
0.539528
0.549613
0.55771
0.565198
0.543042
0.565045
0.559239
0.558475
0.545028
0.543195
0.552516
0.546862
0.553279
0.563059
0.572991
0.582922
0.591326
0.584603
0.579561
0.565809
0.565656
0.573144
0.569018
0.565503
0.551293
0.548696
0.514316
0.518137
0.508052
0.53311
0.531124
0.538306
0.539223
0.527915
0.484216
0.487118
0.487118
0.487271
0.502398
0.484826
0.480854
0.461143
0.470005
0.468324
0.474283
0.48666
0.494605
0.512177
0.532193
0.525318
0.498884
0.509886
0.519512
0.512636
0.515691
0.499953
0.504385
0.496898
0.500106
0.498884
0.491244
0.476423
0.473672
0.467865
0.454878
0.439445
0.465421
0.45228
0.470922
0.466185
0.463435
0.443877
0.441737
0.437306
0.433181
0.43532
0.433181
0.457934
0.468019
0.462823
0.46374
0.455031
0.446321
0.438528
0.439751
0.439293
0.437612
0.436695
0.472144
0.463588
0.458851
0.4506
0.463435
0.467255
0.46481
0.469241
0.475048
0.481617
0.487271
0.479325
0.497356
0.505912
0.512177
0.505301
0.502551
0.507899
0.501939
0.511413
0.51508
0.504843
0.508663
0.510955
0.501481
0.536931
0.531582
0.526846
0.533569
0.524706
0.535097
0.536778
0.539681
0.525318
0.50637
0.514316
0.519817
0.521039
0.52929
0.532957
0.535861
0.551751
0.555877
0.549918
0.558475
0.560461
0.554655
0.567948
0.578033
0.604315
0.604619
0.60844
0.60905
0.656723
0.666503
0.64893
0.61883
0.635485
0.641596
0.631206
0.657488
0.658557
0.665586
0.668795
0.6882
0.694923
0.691867
0.705161
0.700882
0.713564
0.710508
0.69752
0.696757
0.689117
0.695993
0.677657
0.674448
0.677809
0.676129
0.695076
0.699202
0.694006
0.690951
0.65
0.655501
0.665891
0.696603
0.704854
0.672156
0.664822
0.690644
0.66146
0.650459
0.688811
0.68606
0.72319
0.739692
0.733428
0.737248
0.753903
0.707911
0.748096
0.743818
0.781712
0.805854
0.799742
0.803257
0.773919
0.776058
0.79256
0.76139
0.761619
0.739158
0.737553
0.802187
0.787518
0.782934
0.790498
0.810667
0.820981
0.840463
0.842984
0.830607
0.865674
0.857423
0.820981
0.824648
0.846422
0.860173
0.845046
0.845963
0.808375
0.828086
0.834045
0.841608
0.906242
0.905554
0.856964
0.897532
0.901887
0.871404
0.795311
0.788435
0.76987
0.798061
0.810896
0.810896
0.842067
0.842067
0.868654
0.827399
0.7756
0.764598
0.688276
0.749013
0.737324
0.727469
0.743741
0.693547
0.688276
0.680942
0.692631
0.676587
0.705695
0.752909
0.759098
0.722885
0.733428
0.73274
0.770787
0.786372
0.776517
0.784997
0.785913
0.812959
0.790727
0.803791
0.762765
0.782247
0.789581
0.806083
0.805854
0.820064
0.831066
0.805395
0.797373
0.779725
0.756577
0.750618
0.687589
0.616538
0.629602
0.662148
0.648396
0.619976
0.661231
0.612642
0.543424
0.534027
0.569323
0.540903
0.550758
0.59293
0.571844
0.564969
0.582387
0.577345
0.563593
0.615621
0.596369
0.559009
0.557176
0.562677
0.572761
0.574595
0.59591
0.619288
0.518212
0.51042
0.502856
0.499189
0.487959
0.511566
0.511337
0.515691
0.523713
0.504003
0.490251
0.484521
0.479708
0.485208
0.454725
0.448079
0.422409
0.43639
0.424471
0.451517
0.419887
0.409344
0.434785
0.40476
0.424471
0.45908
0.465727
0.450829
0.444411
0.451058
0.453579
0.481312
0.466643
0.457934
0.43043
0.440744
0.438223
0.446933
0.455642
0.424701
0.41049
0.415304
0.431806
0.425847
0.435931
0.455413
0.446933
0.468477
0.457246
0.46183
0.453579
0.462976
0.470998
0.492772
0.51615
0.503315
0.516379
0.504461
0.503086
0.516379
0.50171
0.491397
0.505836
0.545028
0.559468
0.547779
0.533569
0.529214
0.542049
0.529672
0.535402
0.540445
0.53907
0.566115
0.568407
0.549154
0.555572
0.569552
0.551446
0.542966
0.510879
0.487042
0.490022
0.488417
0.48177
0.470082
0.45633
0.455184
0.452892
0.443495
0.458163
0.460684
0.437077
0.44189
0.429055
0.429743
0.413241
0.286266
0.277327
0.275723
0.27091
0.270222
0.267472
0.255325
0.258075
0.25945
0.260367
0.264951
0.266555
0.260825
0.268618
0.252803
0.264951
0.264263
0.267013
0.263117
0.2622
0.248449
0.24249
0.256471
0.263346
0.259221
0.252116
0.257387
0.25372
0.280995
0.297955
0.297038
0.302997
0.307581
0.322708
0.312165
0.311936
0.307352
0.300018
0.30231
0.301164
0.289704
0.28237
0.267243
0.263576
0.267472
0.256471
0.247761
0.24799
0.236072
0.233551
0.213152
0.219799
0.229196
0.249595
0.261513
0.256012
0.248678
0.257846
0.262888
0.26793
0.231488
0.245469
0.238593
0.21384
0.206964
0.179919
0.165938
0.169376
0.158604
0.156083
0.184503
0.180377
0.160896
0.176481
0.175335
0.178773
0.165021
0.158833
0.149894
0.151499
0.15975
0.183815
0.189774
0.197796
0.200776
0.193442
0.205818
0.195046
0.174648
0.199859
0.187024
0.178773
0.16823
0.181982
0.164334
0.160896
0.155624
0.142789
0.135226
0.146227
0.155853
0.160208
0.174418
0.17121
0.156541
0.16525
0.173731
0.162271
0.168688
0.163188
0.179002
0.195963
0.187712
0.197109
0.190691
0.203526
0.213611
0.1939
0.195275
0.183815
0.181294
0.176939
0.172126
0.177627
0.183815
0.184961
0.19963
0.203297
0.210173
0.197567
0.192525
0.181753
0.174418
0.175335
0.167542
0.173502
0.183128
0.16525
0.173272
0.170064
0.17671
0.182669
0.193442
0.201463
0.189774
0.182211
0.192066
0.194358
0.199859
0.214528
0.226217
0.223237
0.213611
0.186795
0.190691
0.190462
0.179461
0.184274
0.170064
0.174418
0.166396
0.181294
0.183357
0.189316
0.189774
0.173731
0.180607
0.1939
0.189316
0.192296
0.190233
0.207423
0.213152
0.225758
0.224612
0.215903
0.226675
0.23378
0.23103
0.218424
0.234238
0.224154
0.227821
0.242031
0.239739
0.224383
0.225987
0.231717
0.24249
0.25945
0.260138
0.251199
0.261513
0.275952
0.267013
0.268618
0.261055
0.267701
0.269535
0.253262
0.252574
0.260138
0.256012
0.261971
0.252574
0.253262
0.249366
0.263117
0.267472
0.281911
0.270451
0.264951
0.245928
0.212006
0.216132
0.205818
0.192525
0.195275
0.200318
0.212465
0.21659
0.223008
0.221633
0.225071
0.237218
0.237676
0.240885
0.239052
0.250741
0.248678
0.240885
0.249595
0.24822
0.246844
0.260367
0.268618
0.26518
0.263805
0.25945
0.252345
0.258533
0.253491
0.256241
0.241802
0.240656
0.248678
0.261742
0.26518
0.26518
0.258762
0.259909
0.249824
0.241802
0.231259
0.231717
0.23676
0.237676
0.240427
0.245469
0.255554
0.268847
0.27664
0.280078
0.274348
0.281224
0.297955
0.297038
0.298413
0.298872
0.292913
0.295205
0.296351
0.304372
0.306435
0.307123
0.300705
0.314228
0.303914
0.296809
0.307811
0.316978
0.307581
0.294746
0.305519
0.302081
0.313999
0.31927
0.310332
0.313082
0.316749
0.321104
0.337606
0.332793
0.321562
0.326146
0.333939
0.346315
0.355942
0.365797
0.377486
0.374048
0.36786
0.375423
0.365339
0.349295
0.348837
0.347232
0.34792
0.342419
0.337835
0.332335
0.339898
0.33371
0.344482
0.319958
0.317437
0.315832
0.321104
0.318583
0.320645
0.324771
0.321104
0.319958
0.319499
0.310103
0.302997
0.313999
0.314228
0.306664
0.308727
0.301393
0.297497
0.287412
0.275494
0.287641
0.274119
0.27664
0.275264
0.274577
0.281224
0.301622
0.308498
0.300935
0.309415
0.308498
0.31079
0.315145
0.314686
0.309873
0.297497
0.295663
0.297955
0.296121
0.299559
0.293142
0.29933
0.305289
0.314457
0.316978
0.326834
0.368777
0.350899
0.359609
0.353191
0.348607
0.35915
0.358692
0.387571
0.385737
0.385508
0.39926
0.409803
0.415533
0.414616
0.407969
0.413011
0.427909
0.428139
0.423784
0.429972
0.432722
0.424242
0.425159
0.4192
0.40499
0.41049
0.404073
0.392155
0.399489
0.397885
0.39078
0.377257
0.383674
0.371527
0.381612
0.368777
0.352733
0.379778
0.383674
0.386883
0.364422
0.371756
0.371069
0.368089
0.375194
0.392384
0.397655
0.40499
0.408886
0.38207
0.380007
0.380695
0.371527
0.37932
0.375882
0.371298
0.386196
0.385966
0.381153
0.381841
0.39353
0.3878
0.402239
0.403156
0.393988
0.395364
0.393301
0.407052
0.414845
0.400177
0.395364
0.401781
0.410032
0.39628
0.397426
0.397426
0.402469
0.404073
0.398801
0.394676
0.400635
0.39078
0.393301
0.386883
0.389404
0.396509
0.40476
0.409803
0.412782
0.391009
0.389175
0.39055
0.380466
0.38207
0.376799
0.380466
0.369694
0.370381
0.381612
0.360067
0.356171
0.338064
0.332335
0.325459
0.319958
0.33371
0.330042
0.33646
0.335772
0.297038
0.297726
0.28787
0.292454
0.285578
0.291767
0.283287
0.29085
0.292225
0.309415
0.301164
0.288329
0.291538
0.291079
0.277327
0.263576
0.256241
0.250053
0.260138
0.266097
0.260367
0.273202
0.269764
0.280078
0.281911
0.275264
0.264951
0.26793
0.254637
0.253949
0.254408
0.240198
0.234009
0.237906
0.234926
0.232405
0.243635
0.236301
0.237218
0.241573
0.250282
0.252803
0.245698
0.230342
0.239739
0.245698
0.237676
0.241573
0.237447
0.241802
0.239739
0.232176
0.209256
0.210631
0.210402
0.204901
0.213611
0.216361
0.218882
0.220945
0.211777
0.203526
0.20536
0.215215
0.209715
0.212465
0.213611
0.226446
0.228509
0.225071
0.222779
0.227363
0.224612
0.231947
0.220945
0.21384
0.215444
0.219341
0.226904
0.228967
0.23653
0.233322
0.230801
0.243865
0.241573
0.242031
0.24226
0.241802
0.245469
0.258762
0.261055
0.266326
0.280995
0.275036
0.274348
0.272285
0.267701
0.260138
0.257617
0.25945
0.247074
0.24524
0.248907
0.247761
0.252574
0.259909
0.255783
0.258762
0.260367
0.258762
0.258762
0.254179
0.270451
0.272973
0.272056
0.275952
0.276181
0.275494
0.275952
0.281682
0.283745
0.284203
0.289016
0.290162
0.288558
0.291996
0.289016
0.303914
0.300247
0.291308
0.296121
0.305289
0.315145
0.315374
0.30804
0.315603
0.311707
0.315145
0.311936
0.325688
0.329584
0.338981
0.332564
0.343336
0.346315
0.340586
0.342648
0.333939
0.334397
0.327063
0.327521
0.329355
0.32798
0.340815
0.344482
0.341961
0.343794
0.342419
0.342419
0.343565
0.352962
0.362588
0.361442
0.389175
0.443036
0.455413
0.472832
0.465497
0.535173
0.53609
0.540674
0.528068
0.513629
0.514087
0.509274
0.566802
0.549383
0.562447
0.560843
0.54457
0.548237
0.560843
0.586284
0.575283
0.588346
0.563823
0.547091
0.533798
0.523026
0.537923
0.529672
0.516837
0.535861
0.588576
0.58743
0.531964
0.506753
0.51913
0.529902
0.519359
0.49621
0.475582
0.478332
0.475811
0.469165
0.448079
0.438682
0.41072
0.413699
0.417137
0.40476
0.401781
0.409344
0.403844
0.407052
0.399947
0.408198
0.440744
0.426993
0.442807
0.439369
0.422867
0.423096
0.417137
0.402239
0.402927
0.400177
0.414845
0.402239
0.396968
0.398114
0.407052
0.424242
0.428826
0.414616
0.413011
0.425617
0.424471
0.431118
0.442349
0.442349
0.447162
0.458392
0.452204
0.43066
0.427451
0.42768
0.442807
0.452663
0.45335
0.455413
0.469852
0.418512
0.405677
0.404073
0.41347
0.407511
0.414616
0.414158
0.415762
0.420804
0.431347
0.446933
0.459309
0.438682
0.436619
0.423096
0.414158
0.413928
0.402698
0.398114
0.392384
0.389634
0.392842
0.384362
0.371069
0.362359
0.358004
0.365797
0.360755
0.371527
0.360755
0.353191
0.355254
0.360755
0.365339
0.370152
0.363964
0.35915
0.360526
0.35365
0.341273
0.336689
0.336002
0.322708
0.323167
0.316291
0.325917
0.321792
0.336918
0.343794
0.338294
0.330042
0.317666
0.316978
0.316978
0.333939
0.330501
0.339439
0.307123
0.296809
0.273431
0.296351
0.282828
0.307352
0.295205
0.306435
0.297726
0.2936
0.27366
0.268847
0.27366
0.303227
0.298872
0.286037
0.298184
0.306206
0.313541
0.30506
0.304372
0.296121
0.302081
0.326605
0.325
0.318124
0.325688
0.333022
0.350212
0.355254
0.354337
0.347003
0.338064
0.331647
0.309644
0.316062
0.316749
0.317208
0.307581
0.300018
0.286725
0.270681
0.295663
0.306206
0.318354
0.324313
0.338752
0.335085
0.334856
0.354337
0.360296
0.342419
0.354796
0.347691
0.330272
0.331876
0.344253
0.331189
0.335085
0.349524
0.357546
0.33921
0.32225
0.316749
0.335772
0.339669
0.337835
0.345628
0.328209
0.331647
0.343336
0.336689
0.341044
0.334168
0.32225
0.31927
0.335314
0.345628
0.330959
0.321792
0.339898
0.341732
0.358234
0.362588
0.360296
0.354796
0.349753
0.347691
0.336689
0.341502
0.333022
0.323854
0.311249
0.308498
0.309644
0.301622
0.318583
0.314457
0.32798
0.324771
0.32225
0.314228
0.320187
0.317666
0.321792
0.325459
0.337148
0.333251
0.333251
0.331876
0.32523
0.323167
0.314686
0.309873
0.320416
0.328897
0.325917
0.334856
0.342419
0.340356
0.337148
0.341732
0.33921
0.338523
0.34219
0.355025
0.362588
0.359838
0.360755
0.373819
0.37359
0.364422
0.370152
0.372215
0.37061
0.377028
0.363276
0.365109
0.362588
0.364651
0.361901
0.354566
0.351358
0.347232
0.349524
0.352504
0.340586
0.337377
0.339439
0.340586
0.339669
0.334397
0.338981
0.329355
0.334168
0.334626
0.335543
0.330042
0.331418
0.330959
0.33348
0.337377
0.339669
0.347461
0.349066
0.352962
0.351358
0.345628
0.335772
0.335314
0.330959
0.324542
0.328667
0.33646
0.324542
0.320645
0.321333
0.317895
0.313082
0.306894
0.303227
0.293829
0.299789
0.300018
0.297497
0.297955
0.303227
0.294517
0.289475
0.280995
0.285808
0.285578
0.286725
0.284662
0.302768
0.300935
0.297955
0.291996
0.289933
0.276869
0.281682
0.278244
0.28512
0.277557
0.284203
0.291538
0.2881
0.284891
0.274577
0.268847
0.27664
0.283974
0.272514
0.277786
0.280995
0.286725
0.279161
0.275723
0.281682
0.284203
0.303456
0.308269
0.294288
0.297955
0.288558
0.291767
0.301164
0.303456
0.316749
0.308269
0.316291
0.313082
0.307123
0.302997
0.293829
0.289016
0.284203
0.28787
0.288787
0.283516
0.29933
0.30231
0.2936
0.297497
0.294288
0.300018
0.301393
0.308956
0.305519
0.310332
0.306894
0.30804
0.314457
0.321104
0.324313
0.326146
0.337148
0.335085
0.339439
0.334397
0.331876
0.338752
0.335772
0.335772
0.334856
0.335543
0.32798
0.334626
0.328897
0.327521
0.328209
0.322021
0.321562
0.304372
0.305289
0.314686
0.307123
0.304372
0.30804
0.311478
0.313541
0.317208
0.308498
0.310561
0.314228
0.311936
0.313311
0.313082
0.307352
0.302081
0.304372
0.305748
0.300705
0.301851
0.298872
0.312165
0.304831
0.301851
0.295434
0.290392
0.291996
0.289475
0.293142
0.301622
0.29933
0.294746
0.277557
0.274348
0.282599
0.278932
0.279161
0.276181
0.274577
0.287641
0.286266
0.298413
0.298184
0.289016
0.290621
0.27939
0.273202
0.271139
0.264492
0.265638
0.260825
0.26816
0.265045
0.272658
0.274503
0.279347
0.280501
0.282807
0.277732
0.276118
0.271043
0.279117
0.275887
0.276349
0.275887
0.285114
0.291804
0.288805
0.289036
0.29042
0.289266
0.289728
0.291804
0.291573
0.284883
0.282577
0.282346
0.280501
0.279117
0.282807
0.293418
0.293649
0.303337
0.294572
0.288113
0.281654
0.282115
0.281654
0.281423
0.276349
0.278886
0.282577
0.280731
0.279347
0.279809
0.281193
0.286267
0.290881
0.284653
0.284191
0.282807
0.285345
0.280501
0.28696
0.284653
0.283499
0.285345
0.288574
0.286729
0.285345
0.293649
0.293649
0.289728
0.285575
0.283499
0.288805
0.28373
0.287095
0.292434
0.293826
0.294987
0.293826
0.297075
0.296843
0.296147
0.297539
0.294754
0.295683
0.295683
0.295915
0.293362
0.291273
0.289416
0.292898
0.288256
0.289648
0.288024
0.290113
0.293594
0.297772
0.288024
0.285007
0.281525
0.28431
0.289184
0.288488
0.29313
0.297772
0.296379
0.303806
0.297539
0.300789
0.296843
0.291041
0.291737
0.292201
0.29986
0.310072
0.312625
0.311233
0.314946
0.319588
0.316803
0.320516
0.321909
0.320981
0.316803
0.322605
0.322837
0.337459
0.330496
0.33537
0.341172
0.339548
0.345118
0.344422
0.348037
0.335907
0.341273
0.339173
0.33894
0.33684
0.341273
0.33754
0.337074
0.33754
0.330309
0.332408
0.337074
0.33684
0.330542
0.327743
0.335208
0.334741
0.338007
0.335907
0.346171
0.33684
0.336374
0.329376
0.331709
0.329842
0.32681
0.32751
0.328909
0.328676
0.329609
0.332175
0.330542
0.332175
0.336607
0.341273
0.341506
0.340806
0.342672
0.340806
0.339406
0.332175
0.331942
0.331475
0.331475
0.332642
0.331242
0.330542
0.336141
0.33684
0.341506
0.344305
0.345938
0.340806
0.340573
0.342905
0.338007
0.335208
0.336374
0.350603
0.352936
0.354336
0.348737
0.350495
0.348854
0.35073
0.35073
0.351433
0.346979
0.346979
0.346275
0.345807
0.346041
0.349323
0.350261
0.348854
0.354715
0.362218
0.368313
0.368079
0.370423
0.370658
0.37183
0.375112
0.373471
0.370189
0.366672
0.368079
0.368548
0.367375
0.365266
0.364797
0.364562
0.364328
0.360577
0.3655
0.3655
0.362452
0.356825
0.360811
0.357763
0.363156
0.36128
0.365734
0.366438
0.370658
0.371596
0.36972
0.36339
0.360811
0.357294
0.356591
0.35706
0.356825
0.356122
0.357763
0.347448
0.346979
0.349323
0.341118
0.364797
0.367844
0.368548
0.378629
0.38027
0.379098
0.369954
0.363944
0.358522
0.361351
0.357815
0.365594
0.368658
0.370072
0.367715
0.371251
0.371015
0.376201
0.370072
0.364651
0.358522
0.366772
0.363237
0.356165
0.354044
0.354515
0.356165
0.361115
0.362529
0.369837
0.371958
0.372901
0.369365
0.371487
0.376437
0.377615
0.373844
0.369365
0.374315
0.380444
0.38563
0.371251
0.37078
0.362058
0.373372
0.377379
0.378558
0.376908
0.378322
0.377851
0.376437
0.366772
0.364415
0.367951
0.364415
0.370544
0.370072
0.365122
0.367244
0.363944
0.368658
0.374079
0.375258
0.383037
0.396708
0.409201
0.422165
0.42193
0.427587
0.442673
0.439373
0.445737
0.443724
0.443014
0.438041
0.4352
0.433069
0.437568
0.441356
0.4352
0.434727
0.428334
0.432596
0.433779
0.420046
0.421941
0.421941
0.431885
0.439462
0.439699
0.438989
0.436857
0.436857
0.426913
0.42123
0.423835
0.424072
0.441593
0.438752
0.443487
0.429754
0.431175
0.446565
0.446092
0.4352
0.429044
0.433779
0.436857
0.437805
0.439462
0.443014
0.446802
0.452011
0.456037
0.443487
0.441593
0.44254
0.437331
0.439699
0.436384
0.44112
0.432122
0.432596
0.438041
0.427386
0.439936
0.432832
0.42857
0.426202
0.425255
0.438989
0.433874
0.433874
0.435777
0.439821
0.447671
0.451477
0.450763
0.451952
0.450525
0.448622
0.449098
0.451001
0.452666
0.453142
0.455521
0.461467
0.464322
0.464797
0.46337
0.466462
0.465987
0.455283
0.450287
0.445054
0.438156
0.442675
0.436729
0.437204
0.44101
0.446006
0.444341
0.448384
0.444816
0.441248
0.454569
0.45219
0.453142
0.458851
0.460754
0.460278
0.459089
0.438632
0.441248
0.439345
0.430068
0.430782
0.42317
0.421505
0.422932
0.430068
0.416272
0.420792
0.41984
0.420078
0.419602
0.41532
0.451952
0.449574
0.449574
0.45219
0.447195
0.452904
0.459089
0.462792
0.459925
0.455624
0.455863
0.45658
0.464703
0.459447
0.46327
0.464703
0.465898
0.470198
0.478561
0.477127
0.472827
0.466854
0.468526
0.463747
0.456819
0.450607
0.457297
0.457536
0.464464
0.455863
0.451324
0.449412
0.45204
0.442245
0.4432
0.442483
0.440811
0.436511
0.434599
0.435555
0.432927
0.428387
0.436272
0.427909
0.402583
0.40115
0.410468
0.41668
0.416919
0.416202
0.419786
0.437705
0.427431
0.436988
0.441528
0.441767
0.452279
0.449412
0.446545
0.466854
0.474738
0.48095
0.48095
0.4831
0.472827
0.478322
0.472588
0.469482
0.467092
0.472827
0.470676
0.481906
0.480106
0.488024
0.490663
0.493782
0.493542
0.50194
0.50314
0.493782
0.494502
0.507218
0.50266
0.505539
0.499061
0.497381
0.486344
0.486104
0.470989
0.469549
0.464271
0.483225
0.485145
0.489943
0.498581
0.495462
0.493542
0.494022
0.493302
0.488744
0.481066
0.482985
0.474828
0.460431
0.459232
0.476507
0.478427
0.472428
0.471708
0.473628
0.470269
0.478906
0.480346
0.487064
0.495462
0.496901
0.494742
0.470989
0.463311
0.474588
0.460672
0.470749
0.482505
0.483705
0.491623
0.489464
0.488984
0.50266
0.499301
0.535051
0.535291
0.53697
0.530732
0.532171
0.536011
0.531692
0.537352
0.533257
0.534702
0.53133
0.544337
0.534221
0.540242
0.550599
0.543133
0.544578
0.553971
0.551081
0.546023
0.546745
0.553249
0.559992
0.55084
0.55927
0.565291
0.546986
0.539519
0.506763
0.505077
0.514952
0.51712
0.504114
0.50604
0.507245
0.521937
0.526513
0.530367
0.542651
0.54819
0.543133
0.538556
0.545059
0.541687
0.534702
0.532053
0.53133
0.537352
0.535184
0.530608
0.534702
0.537352
0.533257
0.534702
0.54795
0.544578
0.530608
0.532294
0.541687
0.501705
0.496888
0.501705
0.504595
0.512785
0.513025
0.512303
0.509109
0.509109
0.505479
0.504753
0.501607
0.528467
0.535726
0.535484
0.541533
0.530886
0.525079
0.534516
0.538629
0.526289
0.52895
0.519513
0.525079
0.510802
0.509834
0.516126
0.522175
0.530886
0.529192
0.527015
0.513464
0.508383
0.512255
0.50185
0.486847
0.486605
0.493623
0.494106
0.488057
0.478862
0.475475
0.469667
0.477894
0.48104
0.481282
0.477894
0.488541
0.485638
0.476684
0.478862
0.469667
0.475475
0.469909
0.467247
0.47741
0.483218
0.484428
0.482734
0.490961
0.492897
0.497978
0.494832
0.556051
0.575409
0.572505
0.573957
0.569118
0.569602
0.565972
0.560821
0.558634
0.538466
0.521699
0.503232
0.492784
0.529961
0.549886
0.552316
0.546241
0.523886
0.539681
0.541139
0.528503
0.551101
0.540166
0.548671
0.550372
0.551344
0.557419
0.561307
0.56641
0.565923
0.571755
0.556204
0.558877
0.569568
0.573699
0.566166
0.576129
0.59897
0.587306
0.602615
0.61768
0.625699
0.63226
0.635904
0.633475
0.640278
0.641493
0.66482
0.666521
0.67697
0.675755
0.674783
0.666035
0.690091
0.694708
0.691549
0.691063
0.696652
0.672596
0.689362
0.697381
0.692521
0.681101
0.673325
0.766633
0.763231
0.748652
0.741362
0.738689
0.72411
0.738689
0.738689
0.756861
0.759056
0.765642
0.754178
0.760276
0.7593
0.765642
0.773691
0.798814
0.792716
0.791009
0.823205
0.807595
0.81857
0.797838
0.804424
0.792472
0.794423
0.80418
0.809058
0.796862
0.783935
0.802472
0.803204
0.806375
0.809058
0.808326
0.821498
0.814424
0.803936
0.789545
0.802229
0.769056
0.738567
0.722713
0.723932
0.736128
0.713688
0.699298
0.661247
0.666613
0.670272
0.678077
0.693931
0.693199
0.700029
0.691736
0.684175
0.71442
0.714664
0.684419
0.687834
0.688077
0.644661
0.615148
0.621733
0.62027
0.617099
0.627587
0.65832
0.674662
0.732713
0.74247
0.768813
0.770764
0.77613
0.777837
0.772715
0.767697
0.801724
0.806375
0.799276
0.796828
0.791687
0.777244
0.776754
0.77553
0.78875
0.790708
0.786791
0.810292
0.803438
0.827673
0.830121
0.828652
0.842851
0.844074
0.852643
0.866352
0.875409
0.872227
0.884956
0.876389
0.875164
0.876389
0.867331
0.872961
0.878347
0.877367
0.8994
0.901848
0.908947
0.90503
0.888873
0.8923
0.891321
0.887894
0.8923
0.893035
0.913353
0.88618
0.869779
0.881284
0.870758
0.850929
0.85607
0.864883
0.863659
0.880305
0.882753
0.870758
1.003196
1.032816
1.03502
1.061458
1.066109
1.085204
1.086918
1.113302
1.108638
1.12042
1.126555
1.146681
1.14889
1.15699
1.140791
1.1349
1.137109
1.133428
1.16288
1.133918
1.148399
1.150608
1.162389
1.167052
1.146681
1.167298
1.16018
1.159199
1.190123
1.122383
1.110357
1.126555
1.144963
1.153799
1.145209
1.162144
1.169507
1.199941
1.248047
1.276763
1.295907
1.295417
1.30867
1.293453
1.300079
1.313578
1.330759
1.306215
1.341804
1.366593
1.389909
1.375919
1.378865
1.401445
1.392363
1.375429
1.37911
1.404636
1.428443
1.441697
1.445378
1.436051
1.465258
1.547235
1.545762
1.536435
1.500847
1.524163
1.52809
1.534472
1.546889
1.523038
1.512956
1.525251
1.524267
1.515415
1.508284
1.552791
1.537545
1.552053
1.529185
1.54025
1.463533
1.493777
1.472138
1.48517
1.54148
1.545168
1.565576
1.551315
1.594838
1.598771
1.59705
1.582051
1.636147
1.642048
1.657293
1.684833
1.683112
1.679423
1.677702
1.655818
1.643769
1.649917
1.626065
1.633442
1.606886
1.622623
1.613279
1.637868
1.634426
1.665408
1.660736
1.738683
1.767206
1.774336
1.737945
1.734994
1.749748
1.697865
1.690734
1.671063
1.661473
1.752452
1.749748
1.720241
1.666391
2.163088
2.056617
2.119319
2.253083
2.27177
2.295621
2.286277
2.302752
2.314081
2.31876
2.317528
2.296349
2.270493
2.158199
2.178146
2.262613
2.299797
2.341169
2.302013
2.261135
2.206219
2.245128
2.375152
2.430806
2.47267
2.502713
2.589888
2.606141
2.637662
2.703413
2.889091
2.690361
2.744046
2.628551
2.512071
2.570681
2.505422
2.538913
2.641848
2.621902
2.589642
2.547286
2.54704
2.489908
2.535219
2.589642
2.561323
2.587919
2.64308
2.654407
2.700212
2.752419
2.709324
2.688638
2.806103
2.841564
2.816691
2.888844
2.933665
2.920859
2.865942
2.797976
2.668936
2.678787
2.684205
2.641109
2.640617
2.73518
2.730989
2.477763
2.50168
2.574418
2.502174
2.534474
2.441024
2.42697
2.408231
2.434613
2.430176
2.429682
2.443984
2.511297
2.50957
2.528556
2.559624
2.615349
2.698688
2.611403
2.664662
2.640498
2.649868
2.6691
2.655292
2.646662
2.697456
2.685867
2.672306
2.484913
2.466421
2.484421
2.473818
2.410697
2.419327
2.399354
2.35448
2.446697
2.448175
2.457791
2.496749
2.507105
2.538419
2.582554
2.564802
2.604746
2.571706
2.629403
2.551487
2.570473
2.56061
2.560857
2.533981
2.538173
2.990624
3.119087
3.15336
3.311656
3.373299
3.149169
3.281082
3.356858
3.428439
3.382283
3.420293
3.412642
3.501006
3.575795
3.562959
3.563207
3.545435
3.653298
3.636762
3.680697
3.947764
3.692545
3.701677
3.736974
3.744872
3.760916
3.742404
3.883095
3.877418
3.936163
3.909013
3.796952
3.755485
3.618002
3.745613
3.62047
3.568144
3.439052
3.530872
3.541485
3.622445
3.793744
3.847552
4.0112
3.964795
4.071424
4.054147
4.096355
4.075128
4.134367
4.149175
4.101044
4.081297
4.128443
3.992194
4.057602
4.0112
4.06007
4.057602
4.10919
4.127208
4.254078
4.203477
4.248154
4.066242
3.849527
4.15658
4.12153
4.07636
3.985529
3.986271
3.928264
4.015718
4.096007
4.080937
4.046847
4.075504
4.068833
4.093045
4.185933
4.211131
4.098726
4.096256
4.115277
4.043882
4.175064
4.190134
4.208909
4.184945
4.44953
4.633332
4.628391
4.591087
4.465588
4.422108
4.224473
4.248188
4.341324
4.340089
4.416426
4.422108
4.431248
4.468306
4.465836
4.478928
4.579971
4.667424
4.717081
4.719304
4.80725
4.889764
4.885317
4.881117
4.886553
4.864318
4.8574
4.908292
4.784276
4.834426
4.986854
5.035768
5.10914
5.118776
5.087648
5.155585
5.178806
5.238099
5.167195
5.072332
5.339634
5.252921
5.291213
5.187453
5.227723
5.221546
5.288743
5.33741
5.313429
5.363615
5.293901
5.209105
4.855832
4.961888
4.886981
4.614549
4.641248
4.678824
4.746314
4.733953
4.812322
4.717885
4.602682
4.609851
4.735684
4.89242
4.848169
4.865227
4.842728
4.827402
4.881047
4.874374
4.88006
4.783645
4.928265
5.252615
5.280304
5.325049
5.488212
5.486728
5.529744
5.539635
5.512439
5.441488
5.555456
5.548532
5.688705
5.777208
5.906258
5.829372
5.842969
6.015526
6.102546
6.000445
6.076588
5.945564
5.773006
5.283021
5.576716
5.656319
5.37746
5.737406
5.637285
5.751003
5.968308
6.093893
6.028134
6.157676
5.970531
5.990075
6.083581
6.09966
6.086797
5.986364
5.744189
5.8513
5.829282
5.990322
5.982406
5.966079
6.068738
6.178322
6.127611
6.153091
6.167934
6.196133
5.961627
6.17387
6.148639
5.982655
5.762988
6.047711
5.578697
5.475544
5.728852
5.468122
5.574492
5.596509
5.476285
5.29991
5.328607
5.637817
5.596509
5.803308
5.726625
5.726378
5.876037
5.847094
5.665771
5.657609
5.538129
5.471835
5.359527
5.571276
5.598734
5.56336
5.61877
5.598241
5.763482
5.913635
6.151608
6.194156
6.32724
6.434846
6.296319
6.316851
6.074428
6.085558
6.127611
6.083828
6.041775
6.003679
6.127194
6.130906
6.170265
6.153185
6.262095
6.242291
6.376696
6.555658
6.561102
6.563083
6.50739
6.492043
6.450955
6.499467
6.495014
6.606647
6.565804
6.561597
6.439817
6.492785
6.364075
6.2116
5.918779
5.989817
5.834621
5.961847
5.863829
5.996007
5.862345
6.008134
6.121995
6.16952
6.268532
6.126946
6.218529
6.171255
6.143531
6.279421
6.230165
6.238332
6.210114
6.17348
6.156153
6.234371
6.307886
6.238084
6.042788
6.060858
6.100708
6.203432
6.240064
6.287837
6.360114
6.3965
6.347984
6.306648
6.339569
6.471003
6.412837
6.372242
6.059868
6.134621
6.270262
6.505408
6.604914
6.738081
6.829171
6.791548
6.89705
6.880208
6.951286
7.026081
6.895317
6.75415
6.732852
6.80393
6.756131
6.642207
6.719974
6.846033
6.784118
6.712049
6.735822
6.594659
6.524571
6.580294
6.647409
6.610508
6.622396
6.959707
7.166255
7.094928
7.101119
6.916862
6.68332
6.582028
6.576331
6.084728
5.8232
6.105781
5.829393
6.088196
6.019594
5.93217
5.675598
5.726367
5.474746
4.938564
5.14734
4.910828
4.597042
5.027472
5.221391
5.401686
5.322682
5.24467
5.227086
5.294698
5.101523
5.093599
4.694125
4.936087
4.883583
5.012365
4.072255
3.583623
3.692097
3.58387
3.591052
3.790418
3.807259
3.964274
3.901058
4.051536
4.215405
3.894861
3.924114
3.659349
3.764709
3.673728
3.691329
3.691081
3.630592
3.559442
3.642739
3.433754
3.349218
3.212125
3.150397
3.299637
3.251791
3.313271
3.309553
3.376983
3.172956
3.37624
3.554981
3.466478
3.534652
3.600347
3.689594
3.729506
3.715376
3.689842
3.761239
3.890398
3.688106
3.700997
3.912958
3.970224
3.421359
3.26245
3.405989
3.563657
3.587951
3.69827
3.717359
3.79297
3.654639
3.673232
3.630592
3.747604
3.789996
3.830901
3.900562
3.883208
3.930559
3.861641
3.946426
3.934029
3.894613
3.852716
3.828148
3.882496
3.890685
3.884233
3.773304
3.704067
3.738313
3.998883
4.033129
4.184507
4.108572
4.214041
4.192698
4.360455
4.327947
4.564692
4.404876
4.312562
4.389243
4.38006
4.398673
4.455998
4.523499
4.541367
4.680833
4.6719
4.738655
4.759501
4.696716
4.767194
4.753296
4.715327
4.583552
4.670657
4.647828
4.623259
4.67711
4.731706
4.744115
4.638398
4.419518
4.45029
4.491734
4.478581
4.546081
4.541614
4.463195
4.295934
4.316035
4.223471
4.189471
3.932128
4.021218
3.960171
3.975309
3.884482
3.76586
3.848001
3.777027
3.655924
3.602072
3.556907
3.482707
3.456122
3.365441
3.323702
3.552768
3.510036
3.572147
3.61488
3.687674
3.745313
3.632271
3.683451
3.593513
3.603203
3.798233
3.804195
3.828543
3.770406
3.792767
3.76345
3.95674
4.055373
4.080218
4.128417
4.03053
4.043447
3.980839
3.90581
3.908293
3.976616
4.13115
4.164194
4.155745
4.151025
4.216366
4.228042
4.184813
4.256366
4.364191
4.438724
4.307546
4.349532
4.343322
4.358973
4.191771
4.097361
4.004691
3.746307
3.785065
3.823325
3.931897
3.830531
3.762705
3.87699
3.728419
3.696121
3.964194
4.242949
4.170651
4.254129
4.260342
4.035747
4.11053
4.019845
4.009399
4.153144
4.165827
4.082764
4.196914
4.469977
4.44287
4.488877
4.555526
4.584126
4.582634
4.524689
4.481666
4.503053
4.475945
4.400344
4.294649
4.348118
4.290671
4.432425
4.410289
4.271522
4.328968
4.327227
4.303354
4.509023
4.525434
4.584126
4.407556
4.494099
4.551797
4.625409
4.638838
4.88355
4.829834
4.831824
4.73732
4.874598
4.864651
4.851718
4.895736
5.086731
5.142686
5.046443
5.048433
4.99919
5.038236
5.234952
5.212817
5.163577
5.181234
5.167308
5.177255
5.212817
5.186955
5.217294
5.078026
5.279218
5.17253
5.251863
5.226993
5.244651
5.501299
5.3966
5.431443
5.39411
5.207703
5.168134
5.211936
5.195013
5.280376
5.280376
5.325422
5.409044
5.576537
5.574546
5.603415
5.681561
5.711924
5.860005
5.957315
5.943626
5.93865
5.952834
5.895096
5.781857
5.856023
5.970754
5.875186
5.899826
5.971252
5.982451
6.048156
6.080508
6.271145
6.154175
6.111618
6.19524
6.20395
6.170601
6.224607
6.293047
6.233816
5.977973
6.171347
6.110871
6.117589
5.884145
5.981208
6.150442
6.240783
6.327641
6.26144
6.54466
6.667105
6.782833
6.739031
7.212142
7.38088
7.832088
7.682763
7.318661
6.80125
6.521763
6.661134
6.290338
6.725381
6.88376
6.62129
7.08497
6.805568
6.625025
6.112036
6.501509
6.137685
5.386631
5.997484
4.890825
5.410537
5.050697
5.303457
5.123661
5.296483
6.205169
6.116518
6.405883
6.293574
6.613818
6.564263
6.053018
6.361807
6.073936
6.683794
6.450459
6.647686
6.548077
6.719903
7.071025
6.993579
7.338726
7.279459
7.148223
6.711434
7.125811
7.07252
7.211475
7.397992
7.255552
7.432359
7.278462
7.04189
7.253809
7.31482
7.415674
7.591984
7.781988
8.033999
7.772027
7.749615
7.999136
8.45759
8.716076
8.771109
8.934969
8.740979
8.991
8.683702
8.491956
8.453854
8.840837
8.771856
8.790781
8.73525
8.736245
8.889217
8.774614
9.014783
9.334427
8.765896
8.901675
9.142093
9.037206
9.20413
9.18619
9.229289
9.493874
9.417391
9.20363
9.457253
9.123409
9.168251
9.464974
9.49711
9.579082
9.805295
9.837685
10.180745
10.472735
10.443086
10.01756
10.341187
10.191957
10.099778
10.166296
10.474481
10.292856
10.402727
10.094793
10.159319
10.385536
10.180246
10.429383
10.577373
10.57812
10.972254
11.189004
11.247801
11.296379
11.160851
11.126472
10.812555
11.40077
11.40351
11.524095
12.294425
12.21844
12.09661
12.099103
12.63973
12.676354
12.705999
12.728921
12.584672
13.10238
13.328346
13.777425
14.301269
12.974465
12.582705
11.875442
12.674912
12.272935
12.12615
12.831667
12.950045
12.475043
12.424206
12.150823
12.477786
12.597904
12.085524
12.309069
12.833163
12.993903
13.184052
13.48784
13.571579
13.02107
13.599488
13.693192
13.919973
13.795118
13.719358
14.181149
14.203328
14.050811
13.925955
13.767952
13.455194
13.60248
13.482108
13.318875
13.547403
13.099817
13.354513
12.58719
12.98294
12.494485
12.541088
12.978452
13.750759
14.115356
14.516089
13.587778
12.72974
13.375698
13.414325
13.255075
13.472639
13.379932
13.386415
13.397878
13.046487
13.098572
12.916899
13.193024
13.219441
13.359248
13.347784
13.501801
13.35771
13.519498
13.56786
13.311844
12.893789
12.935171
12.976056
13.270708
13.32231
13.204649
13.303116
13.234067
13.294144
13.240297
12.972065
12.95661
12.863128
12.906255
13.108176
13.017686
13.076018
13.366434
12.578444
13.305859
13.238801
13.582564
13.446205
13.493072
13.162519
12.822745
12.988021
13.327548
13.827862
13.673306
13.614224
13.396849
12.880828
13.013696
12.952622
13.199165
13.518
13.491824
13.625196
13.552153
14.397479
14.222482
14.722048
15.207159
14.918487
15.286432
14.863394
14.786616
14.883834
14.314718
14.101582
14.457559
13.269462
13.675301
13.802187
13.367931
12.768151
12.334891
12.425881
11.560113
12.488773
12.436904
12.960832
12.823679
13.158087
13.257833
13.307709
12.690516
12.813453
13.153099
13.037887
12.611213
12.503736
12.806972
12.915694
12.839389
13.314692
13.777025
13.952333
13.826652
14.107942
14.28101
14.363799
15.170762
15.640079
15.238593
16.09668
15.872494
15.32313
15.133109
15.321882
14.812916
15.226873
15.439087
15.343078
15.238344
15.286224
14.971766
14.79945
14.31517
14.42215
14.486487
14.77501
14.229885
14.270283
13.72391
13.630894
14.207192
14.129888
13.980513
14.030388
14.575765
14.954059
15.572751
15.60841
15.660527
15.449062
16.203655
16.223612
16.736071
16.927086
17.534058
17.574705
17.413115
17.318577
17.385178
17.78451
17.977564
17.747847
17.769547
18.614607
18.596155
18.385136
18.843584
19.013695
19.161608
18.987505
19.939323
19.980982
19.956781
20.165804
20.440174
20.651192
20.325191
19.857262
20.004423
20.465614
20.203718
19.796152
18.922905
18.119493
18.736832
18.56946
19.365644
19.549217
19.513302
19.249905
19.164104
19.458426
19.61706
19.454433
19.704861
19.769718
20.227661
20.589836
20.319458
20.248613
19.890432
19.653976
19.859507
20.141857
19.904409
19.413527
18.996481
19.752747
20.768423
21.907816
21.743191
22.162235
22.017561
22.584267
22.636148
22.337776
22.39366
22.348755
22.794809
22.614199
22.291872
22.130219
22.43058
22.10527
22.19508
22.293867
22.19508
21.853802
21.068466
21.201181
21.894716
22.434574
22.03442
21.614309
20.655334
20.473715
20.672295
20.698246
19.690374
20.407858
20.656332
21.030542
20.787058
20.651342
20.627396
20.894827
21.700127
21.81588
22.175129
22.242983
22.056372
22.644127
22.678059
23.117134
24.664858
24.399422
24.88838
25.513067
25.772512
26.345303
26.541895
29.738131
29.689236
30.739016
30.592325
29.396852
30.32589
30.32589
29.96166
30.139286
29.199276
31.608181
32.915417
31.888588
31.679031
32.605076
31.436544
33.305595
32.607071
31.372528
32.062153
30.632002
29.977308
32.362553
31.762749
30.429401
30.137987
28.10503
28.280682
30.398462
28.330587
27.745747
27.66391
29.017214
29.341572
29.581095
30.883499
30.261738
29.941378
29.527208
29.352547
30.061138
29.231791
27.549139
28.122004
27.192846
27.345551
27.761719
27.943359
26.522186
26.888454
25.851521
25.017183
24.102005
23.327551
23.32555
22.279634
22.726748
21.900387
22.794605
24.437342
24.589035
25.191835
23.900406
24.27067
24.678854
25.0581
26.651928
25.772675
23.901403
24.218773
26.442341
26.458311
24.458296
23.595015
23.343512
22.342506
23.700806
24.108994
24.336538
23.430344
24.175982
23.670906
22.89432
21.313194
21.474901
22.972174
22.616825
22.059837
21.291237
22.93125
24.451481
24.720997
26.404926
26.685415
26.4758
25.58742
28.098843
27.641672
28.167717
28.603926
27.639679
27.236414
26.663454
27.310276
25.883873
24.362646
24.164007
23.076986
21.877172
21.464922
22.162645
21.219366
21.74341
22.15766
21.442963
20.14632
19.479536
19.865829
18.753857
18.381538
19.74605
18.513294
19.497503
19.566378
20.297049
18.80975
18.641056
16.919197
17.563023
16.599779
16.145603
17.673824
17.232626
18.143965
16.907219
17.092878
16.663658
16.867294
16.124643
16.944151
17.81856
18.776812
18.638065
18.286703
19.556395
18.68598
18.751856
18.891605
18.618046
18.019009
16.946733
15.621869
15.81056
16.500452
15.57594
15.854492
16.539391
16.333725
16.198936
17.09849
16.841904
15.956328
15.517035
15.134649
14.499672
14.939964
15.105695
15.832526
15.81256
15.127661
15.057774
15.13964
15.347307
15.736681
16.075138
16.964705
17.778397
18.021008
17.291182
16.996655
16.506443
17.761421
17.955111
18.133827
18.411383
18.496241
18.86265
19.184135
18.9585
17.764418
17.05855
18.067932
17.913179
18.678946
19.001431
18.848675
18.30555
18.742844
17.820332
17.006641
17.1534
17.194336
17.884228
16.233881
15.775618
15.443154
15.069753
13.914613
13.625078
13.443371
13.696042
13.971678
14.368158
14.486005
13.113804
13.110806
12.912068
13.180717
13.364475
13.158746
13.243631
12.54455
12.499608
12.211985
12.396742
12.719321
12.204
12.123104
12.495615
13.149756
13.191701
13.112804
12.060184
11.654716
11.570826
11.48494
11.944337
11.212297
11.872429
11.951329
12.035218
12.17803
12.449673
12.5825
13.243631
12.87911
13.158746
13.815881
13.479322
13.525263
13.201688
13.403422
14.13746
14.282269
14.582877
13.757959
15.729374
16.30562
16.273659
16.644176
15.889164
15.65647
15.388821
15.296941
16.016996
16.497368
16.248692
15.806273
15.618517
16.905159
17.116938
16.85821
16.592491
15.970148
16.103008
17.150902
16.98308
17.516514
18.05295
17.655373
16.934128
16.553532
16.236866
16.068045
16.483603
15.322829
15.189971
14.106115
14.021204
14.587607
14.598597
14.299909
14.733451
14.249962
14.843339
15.611526
15.892229
15.984132
16.493593
16.881187
17.683342
17.358683
16.74733
17.820196
19.17277
19.244696
19.302633
19.781126
20.343533
19.141798
19.516407
20.920925
21.686115
21.077757
21.066771
22.14963
22.181593
22.313452
21.242582
21.765032
22.946787
22.740004
21.978807
21.365452
20.633224
20.732124
23.639053
23.261454
23.476225
23.191528
22.674076
23.289419
23.864815
23.529175
23.267399
24.159611
23.415272
22.944687
22.945686
24.041716
24.206573
25.518406
25.702248
25.877092
26.175827
26.444592
27.166946
26.755312
26.507534
26.386642
26.960135
27.358782
27.75243
27.940266
27.42872
26.857225
27.013088
27.554607
27.144966
26.471565
26.439596
26.734333
26.978117
27.642527
27.906298
27.080029
27.095015
27.018084
26.217791
26.932159
27.201918
27.724457
28.88443
28.185051
27.777411
27.537624
28.654636
29.125217
28.545729
28.859447
28.552723
28.314936
28.927389
29.18716
30.151306
31.649981
31.236349
31.148428
30.660856
30.51099
37.946407
38.911549
40.075523
37.800537
39.734821
39.292213
39.136353
38.619808
37.445728
38.479923
38.739716
39.45116
40.989956
42.963421
42.61969
42.658649
43.773781
43.011375
42.991394
42.176029
40.600266
41.843292
41.084892
40.790112
42.268955
42.379864
42.283951
42.070118
42.469799
42.147057
42.371872
43.86771
45.94109
45.433483
46.424709
47.456905
47.04023
45.484444
44.27438
44.577156
45.643322
45.4165
45.864151
46.713486
46.692505
46.470676
44.234421
44.480225
44.645103
45.381519
44.629116
42.520756
42.354893
40.823086
43.718822
43.905678
43.45203
43.31015
43.265179
46.930313
45.632332
47.079201
47.126163
45.982056
46.79842
48.745895
49.225521
49.316452
48.471111
48.510082
47.028114
46.208691
45.540154
45.146427
44.838638
45.45322
45.549145
43.869328
43.935276
43.48959
42.209488
40.988335
41.580925
42.192493
41.881714
42.438316
43.058884
43.468605
44.750713
43.486591
44.01022
44.656776
45.730026
45.241364
45.765995
46.773293
46.912197
45.42923
46.062794
43.907299
42.166512
42.071587
41.358078
42.944969
43.632488
41.749813
40.297821
40.471699
41.132236
40.751503
42.295429
43.475597
44.973549
45.719028
45.922886
46.541451
46.917187
48.301224
48.586025
49.6213
48.85384
49.445423
49.263557
50.373775
49.9091
48.681957
47.742615
48.20829
47.787582
48.106365
46.737324
46.732327
45.478199
46.537556
45.475201
46.567535
47.476974
46.598511
47.627892
48.058624
48.320461
48.860134
50.04641
49.573689
48.081604
48.960072
48.800167
49.248894
49.386814
49.491741
49.491741
48.138569
47.539936
47.968678
49.067013
52.221085
53.10754
54.316799
54.788506
54.676579
56.347553
56.018761
57.072117
59.454659
59.617561
59.836422
61.324512
61.579365
60.99371
62.426838
62.735649
61.48941
62.988495
66.119591
69.289642
68.18132
70.056168
69.59845
72.088951
72.20385
72.083946
73.854858
72.613617
72.568642
69.409569
67.430786
78.490021
78.768867
79.043694
78.652931
77.615555
79.063675
82.228722
85.184929
85.91552
88.649971
92.616737
87.478622
85.725624
91.861153
90.836746
87.894386
87.78746
88.405121
89.347588
90.32103
91.383423
94.235817
94.948402
92.508789
90.199104
90.305031
90.312027
89.40155
88.913818
85.856544
87.958374
87.083855
85.305847
86.989914
90.564896
88.136253
85.952499
87.365692
83.987595
84.623238
76.157013
79.473152
82.376511
79.632065
82.585403
87.685532
87.707504
86.353279
82.994148
85.768593
88.738922
92.08802
90.50293
90.361008
88.696938
89.827309
90.348015
91.304474
94.576637
94.305786
92.426834
94.72654
95.332191
94.896446
103.740463
106.408951
113.836754
114.760231
110.437683
109.571159
114.935127
116.371323
122.370941
120.929764
120.819817
121.721306
120.851738
125.139671
129.547531
131.816452
130.91687
135.514648
130.71698
126.509003
118.05307
126.029228
126.339088
123.930244
123.480469
124.240105
122.610893
128.21817
125.769356
128.138199
131.316696
134.844986
127.338608
129.17775
128.378098
126.299103
117.933136
121.031647
117.873169
123.480469
122.530907
114.194946
112.225891
113.005508
111.536217
103.680016
116.963608
109.157364
107.2183
100.401581
104.19976
98.862328
104.919411
104.699516
108.967461
116.08403
118.023094
122.800789
124.519958
129.937363
127.188675
128.438065
123.680367
129.307632
126.399055
128.238174
125.549469
117.533325
119.312469
107.947952
106.158813
107.158325
102.780457
106.418694
108.04789
116.853668
119.092773
119.052788
116.733711
115.544174
113.325058
117.823273
115.954018
116.213913
120.82209
123.461037
123.990829
121.351875
121.391869
116.953621
118.802887
122.8013
124.870476
127.669373
132.837311
132.597412
134.756561
134.746567
138.015274
131.547836
135.666199
136.875702
137.945297
143.65303
143.533096
139.504669
140.35434
141.483887
140.46431
141.194
139.28476
132.707382
135.346329
135.996063
139.854538
145.552292
148.820999
147.571472
145.202408
148.231201
146.212021
146.701828
141.923691
140.094421
146.951721
145.832169
146.611862
141.893738
135.96608
136.865723
135.286331
138.195206
138.575043
140.204407
145.082474
145.012482
142.393356
138.764526
135.025757
139.264359
137.295013
134.206024
131.956757
130.34729
128.867783
130.637161
134.655869
139.624237
140.174072
139.884171
136.965118
137.444946
134.246017
138.264694
144.422684
149.381042
140.094086
140.064102
135.865494
133.186356
131.716827
136.195389
133.52626
137.664902
140.783859
147.021835
147.171783
142.573288
118.38121
128.947739
123.659477
124.609184
120.03067
116.621788
118.61113
124.789108
128.637863
129.797455
133.52626
132.756516
131.097061
135.245667
138.80452
139.35434
139.184387
140.064102
134.385956
130.237335
126.588524
131.237
120.110649
124.879082
114.022636
115.952003
117.261574
110.533783
112.653091
106.944962
108.724365
115.712738
115.552773
121.641335
119.501839
115.402802
117.49231
118.502068
117.672264
121.381401
120.661568
113.7332
111.403755
109.644165
108.354462
110.124054
110.393982
101.776024
94.287781
97.616997
96.277313
114.303062
107.544655
110.903862
110.683914
112.173561
104.465385
101.466087
96.887177
98.866699
102.685799
106.404922
110.983856
108.704391
108.994316
108.894333
111.583702
114.47303
113.79319
113.51326
117.032425
117.342354
116.62252
122.971024
129.899384
135.308105
134.798233
135.368103
135.538055
134.348343
131.768951
132.798706
131.259064
135.468063
134.778244
139.157211
135.098175
137.347641
141.186722
141.886566
139.957016
141.6866
142.596405
143.926086
142.806259
144.975906
141.946396
144.665955
144.096039
145.455811
143.826096
144.146042
147.875412
154.284363
154.994232
157.72377
157.96376
153.274536
157.223862
159.313522
158.213715
159.973404
162.852936
164.072739
164.892593
164.04274
170.671631
171.341522
172.971252
172.381348
171.351532
167.002258
170.751617
173.711136
173.471176
176.720627
175.480835
179.240219
177.840439
173.691132
179.970093
178.230377
179.390182
180.739975
182.669632
182.029739
183.129562
181.55983
181.989746
180.420013
181.979736
175.610809
175.37085
174.950912
177.960434
179.780121
181.739792
181.569824
180.14006
174.151047
170.751617
170.59166
171.631485
166.992264
168.282028
170.731613
177.300537
177.150558
177.800476
177.730499
174.860809
170.271301
176.220657
176.650589
183.589844
178.4104
176.950562
177.670502
178.170441
181.830048
186.559509
187.219452
188.869263
187.599411
185.519623
185.019684
189.089233
192.548859
183.139893
188.299332
180.010223
179.810257
181.790039
183.19989
182.619949
181.140106
180.260208
182.139999
186.239532
191.468979
201.007935
207.017273
202.867722
202.467773
206.857285
198.668182
195.188583
188.059357
188.129349
199.028152
193.138794
193.778732
186.839478
190.149109
186.579514
181.340088
186.499527
180.620163
178.860367
182.529968
177.800476
180.240204
176.98056
179.900253
181.440079
179.570282
183.370087
182.400131
185.539963
184.959991
183.77005
180.920197
175.010529
176.280457
177.710388
170.930756
174.130569
180.980209
183.680054
189.199768
188.599792
190.519684
188.209808
187.529846
186.489914
188.839783
188.109818
187.229874
189.099762
185.029984
184.849991
184.929993
185.799942
183.130081
187.039886
186.21991
178.060364
183.310089
184.829987
187.659836
186.459915
188.509796
191.509644
192.499573
191.119659
185.59996
180.330231
174.180573
171.870697
185.399963
190.029709
188.529785
190.039719
186.929886
182.80011
184.959991
187.969818
187.889832
189.809738
191.539642
192.839569
195.549408
184.87999
177.18042
182.470123
180.040253
183.03009
183.330078
177.810379
182.640106
184.76001
186.029999
183.139999
180.25
183.220001
181.929993
180.399994
178.559998
172.699997
175.639999
175.199997
178.679993
171.240005
167.520004
165.169998
174.399994
175.75
177.389999
177.639999
178.100006
182.080002
183.910004
188.630005
189.309998
196.509995
198.869995
198.350006
201.679993
202.059998
199.880005
202.5
199.639999
208.270004
216.610001
213.169998
209.25
199.570007
198.449997
198.479996
196.5
207.830002
211.5
215.199997
219.440002
220.779999
225.830002
235.740005
225.320007
222.320007
220.610001
223.470001
219.509995
215.330002
214.860001
212.600006
214.25
211.139999
211.13999938964844
211.13999938964844
211.13999938964844
211.13999938964844
211.13999938964844
211.13999938964844
211.13999938964844
211.13999938964844
211.13999938964844
211.13999938964844
211.13999938964844
211.13999938964844
211.13999938964844
211.13999938964844
211.13999938964844
211.13999938964844
211.13999938964844
211.13999938964844
211.13999938964844
211.13999938964844
211.13999938964844
211.13999938964844
211.13999938964844
211.13999938964844
211.13999938964844
211.13999938964844
211.13999938964844
211.13999938964844
211.13999938964844
211.13999938964844
211.13999938964844
211.13999938964844
211.13999938964844
211.13999938964844
211.13999938964844
211.13999938964844
211.13999938964844
211.13999938964844
211.13999938964844
211.13999938964844
211.13999938964844
211.13999938964844
211.13999938964844
211.13999938964844
211.13999938964844
211.13999938964844
211.13999938964844
211.13999938964844
211.13999938964844
211.13999938964844
211.13999938964844
211.13999938964844
211.13999938964844
211.13999938964844
211.13999938964844
211.13999938964844
211.13999938964844
211.13999938964844
211.13999938964844
211.13999938964844
211.13999938964844
211.13999938964844
211.13999938964844
211.13999938964844
211.13999938964844
211.13999938964844
211.13999938964844
211.13999938964844
211.13999938964844
211.13999938964844
211.13999938964844
211.13999938964844
211.13999938964844
211.13999938964844
211.13999938964844
211.13999938964844
211.13999938964844
211.13999938964844
211.13999938964844
211.13999938964844
211.13999938964844
211.13999938964844
211.13999938964844
211.13999938964844
211.13999938964844
211.13999938964844
211.13999938964844
211.13999938964844
211.13999938964844
211.13999938964844
211.13999938964844
211.13999938964844
211.13999938964844
211.13999938964844
211.13999938964844
211.13999938964844
211.13999938964844
211.13999938964844
211.13999938964844
211.13999938964844
211.13999938964844
211.13999938964844
211.13999938964844
211.13999938964844
211.13999938964844
211.13999938964844
211.13999938964844
211.13999938964844
211.13999938964844
211.13999938964844
211.13999938964844
211.13999938964844
211.13999938964844
211.13999938964844
211.13999938964844
211.13999938964844
211.13999938964844
211.13999938964844
211.13999938964844
211.13999938964844
211.13999938964844
211.13999938964844
211.13999938964844
211.13999938964844
211.13999938964844
211.13999938964844
211.13999938964844
211.13999938964844
211.13999938964844
211.13999938964844
211.13999938964844
211.13999938964844
211.13999938964844
211.13999938964844
211.13999938964844
211.13999938964844
211.13999938964844
211.13999938964844
211.13999938964844
211.13999938964844
211.13999938964844
211.13999938964844
211.13999938964844
211.13999938964844
211.13999938964844
211.13999938964844
211.13999938964844
211.13999938964844
211.13999938964844
211.13999938964844
211.13999938964844
211.13999938964844
211.13999938964844
211.13999938964844
211.13999938964844
211.13999938964844
211.13999938964844
211.13999938964844
211.13999938964844
211.13999938964844
211.13999938964844
211.13999938964844
211.13999938964844
211.13999938964844
211.13999938964844
211.13999938964844
211.13999938964844
211.13999938964844
211.13999938964844
211.13999938964844
211.13999938964844
211.13999938964844
211.13999938964844
211.13999938964844
211.13999938964844
211.13999938964844
211.13999938964844
211.13999938964844
211.13999938964844
211.13999938964844
211.13999938964844
211.13999938964844
211.13999938964844
211.13999938964844
211.13999938964844
211.13999938964844
211.13999938964844
211.13999938964844
211.13999938964844
211.13999938964844
211.13999938964844
211.13999938964844
211.13999938964844
211.13999938964844
211.13999938964844
211.13999938964844
211.13999938964844
211.13999938964844
211.13999938964844
211.13999938964844
211.13999938964844
211.13999938964844
211.13999938964844
211.13999938964844
211.13999938964844
211.13999938964844
211.13999938964844
211.13999938964844
211.13999938964844
211.13999938964844
211.13999938964844
211.13999938964844
211.13999938964844
211.13999938964844
211.13999938964844
211.13999938964844
211.13999938964844
211.13999938964844
211.13999938964844
211.13999938964844
211.13999938964844
211.13999938964844
211.13999938964844
211.13999938964844
211.13999938964844
211.13999938964844
211.13999938964844
211.13999938964844
211.13999938964844
211.13999938964844
211.13999938964844
211.13999938964844
211.13999938964844
211.13999938964844
211.13999938964844
211.13999938964844
211.13999938964844
211.13999938964844
211.13999938964844
211.13999938964844
211.13999938964844
211.13999938964844
211.13999938964844
211.13999938964844
211.13999938964844
211.13999938964844
211.13999938964844
211.13999938964844
211.13999938964844
211.13999938964844
211.13999938964844
211.13999938964844
211.13999938964844
211.13999938964844
211.13999938964844
211.13999938964844
211.13999938964844
211.13999938964844
211.13999938964844
211.13999938964844
211.13999938964844
211.13999938964844
211.13999938964844
211.13999938964844
211.13999938964844
211.13999938964844
211.13999938964844
211.13999938964844
211.13999938964844
211.13999938964844
211.13999938964844
211.13999938964844
211.13999938964844
211.13999938964844
211.13999938964844
211.13999938964844
211.13999938964844
211.13999938964844
211.13999938964844
211.13999938964844
211.13999938964844
211.13999938964844
211.13999938964844
211.13999938964844
211.13999938964844
211.13999938964844
211.13999938964844
224.36000061035156
224.36000061035156
224.36000061035156
224.36000061035156
224.36000061035156
224.36000061035156
224.36000061035156
224.36000061035156
224.36000061035156
224.36000061035156
224.36000061035156
224.36000061035156
224.36000061035156
224.36000061035156
224.36000061035156
224.36000061035156
224.36000061035156
224.36000061035156
224.36000061035156
224.36000061035156
224.36000061035156
224.36000061035156
224.36000061035156
224.36000061035156
224.36000061035156
224.36000061035156
224.36000061035156
224.36000061035156
224.36000061035156
224.36000061035156
224.36000061035156
224.36000061035156
224.36000061035156
224.36000061035156
224.36000061035156
224.36000061035156
224.36000061035156
224.36000061035156
224.36000061035156
224.36000061035156
224.36000061035156
224.36000061035156
224.36000061035156
224.36000061035156
224.36000061035156
224.36000061035156
224.36000061035156
224.36000061035156
224.36000061035156
224.36000061035156
224.36000061035156
224.36000061035156
224.36000061035156
224.36000061035156
224.36000061035156
224.36000061035156
224.36000061035156
224.36000061035156
224.36000061035156
224.36000061035156
224.36000061035156
224.36000061035156
224.36000061035156
224.36000061035156
224.36000061035156
224.36000061035156
224.36000061035156
224.36000061035156
224.36000061035156
224.36000061035156
224.36000061035156
224.36000061035156
224.36000061035156
224.36000061035156
224.36000061035156
224.36000061035156
224.36000061035156
224.36000061035156
224.36000061035156
224.36000061035156
224.36000061035156
224.36000061035156
224.36000061035156
224.36000061035156
224.36000061035156
224.36000061035156
224.36000061035156
224.36000061035156
224.36000061035156
224.36000061035156
224.36000061035156
224.36000061035156
224.36000061035156
224.36000061035156
224.36000061035156
224.36000061035156
224.36000061035156
224.36000061035156
224.36000061035156
224.36000061035156
224.36000061035156
224.36000061035156
224.36000061035156
224.36000061035156
224.36000061035156
224.36000061035156
224.36000061035156
224.36000061035156
224.36000061035156
224.36000061035156
224.36000061035156
224.36000061035156
224.36000061035156
224.36000061035156
224.36000061035156
224.36000061035156
224.36000061035156
224.36000061035156
224.36000061035156
224.36000061035156
224.36000061035156
224.36000061035156
224.36000061035156
224.36000061035156
224.36000061035156
224.36000061035156
224.36000061035156
224.36000061035156
224.36000061035156
224.36000061035156
224.36000061035156
224.36000061035156
224.36000061035156
224.36000061035156
224.36000061035156
224.36000061035156
224.36000061035156
224.36000061035156
224.36000061035156
224.36000061035156
222.82000732421875
222.82000732421875
222.82000732421875
