0.090177
0.086921
0.057924
0.05249
0.048021
0.039735
0.037645
0.029641
0.030202
0.028966
0.036991
0.039928
0.035776
0.038021
0.038491
0.037578
0.037682
0.038763
0.041894
0.03841
0.038178
0.038802
0.039021
0.03834
0.036064
0.034988
0.033109
0.037348
0.037829
0.037631
0.035072
0.033873
0.033564
0.032826
0.033216
0.031553
0.028082
0.028932
0.030687
0.030738
0.031685
0.031716
0.033962
0.03278
0.033367
0.034728
0.034512
0.036861
0.036526
0.036344
0.034289
0.032896
0.032929
0.036934
0.035468
0.034571
0.035205
0.03514
0.034136
0.032503
0.033018
0.032866
0.031089
0.030538
0.029501
0.027417
0.026378
0.025816
0.024539
0.024146
0.024528
0.02432
0.025187
0.026047
0.024913
0.025456
0.024585
0.024309
0.023123
0.022766
0.024121
0.024962
0.027448
0.025427
0.023482
0.024717
0.023438
0.023446
0.023411
0.022882
0.021066
0.018593
0.019582
0.018295
0.018944
0.018521
0.01864
0.015638
0.015223
0.014855
0.014752
0.014297
0.014255
0.013135
0.011466
0.010219
0.010439
0.01008
0.010383
0.011203
0.01176
0.011342
0.011037
0.010276
0.010173
0.010616
0.011411
0.010985
0.010567
0.010293
0.010417
0.011488
0.011686
0.011912
0.010846
0.010573
0.010433
0.010779
0.010185
0.0111
0.012091
0.011672
0.01141
0.011541
0.011618
0.011953
0.013177
0.013359
0.013144
0.015731
0.018202
0.02279
0.020701
0.021144
0.018495
0.020632
0.018958
0.03405
0.06899
0.055412
0.054589
0.048154
0.051754
0.05164
0.050902
0.046493
0.046309
0.0465
0.04542
0.042754
0.037868
0.035714
0.032688
0.036332
0.035126
0.034373
0.034289
0.038278
0.041513
0.041862
0.045718
0.058481
0.055962
0.050579
0.045304
0.044889
0.048026
0.026671
0.03572
0.042077
0.041017
0.036296
0.037449
0.035982
0.0404
0.038077
0.03705
0.033452
0.034045
0.033712
0.033912
0.033992
0.032301
0.030996
0.030711
0.031927
0.031963
0.032449
0.033248
0.033803
0.03336
0.032673
0.034797
0.03343
0.033654
0.036648
0.032864
0.0328
0.033546
0.032546
0.032933
0.032105
0.032804
0.032725
0.03405
0.033086
0.031082
0.031136
0.032559
0.032534
0.033082
0.033225
0.034154
0.034034
0.033878
0.035295
0.035395
0.04229
0.043886
0.039337
0.041776
0.039931
0.039009
0.039614
0.039511
0.039154
0.034362
0.03374
0.035416
0.035416
0.037655
0.035891
0.035903
0.035931
0.03617
0.035989
0.038239
0.036022
0.037605
0.037027
0.037467
0.039518
0.044805
0.048775
0.045089
0.04518
0.045815
0.043655
0.043648
0.042594
0.043241
0.04494
0.044236
0.044033
0.043955
0.04406
0.043595
0.045139
0.040137
0.042242
0.042406
0.041064
0.040799
0.041548
0.042596
0.04553
0.044003
0.043759
0.043497
0.04372
0.042136
0.041614
0.040747
0.039413
0.037505
0.038297
0.038477
0.038417
0.038781
0.038249
0.039729
0.041137
0.039509
0.040226
0.040547
0.041844
0.040797
0.041218
0.041423
0.042611
0.041217
0.040685
0.040554
0.038954
0.039378
0.039886
0.039961
0.040642
0.04143
0.042148
0.042261
0.042818
0.042895
0.041018
0.039975
0.042417
0.043567
0.042474
0.044224
0.045335
0.043092
0.044019
0.043046
0.043467
0.044181
0.043386
0.0447
0.044951
0.052607
0.051313
0.051866
0.051178
0.053858
0.052451
0.053047
0.055103
0.053214
0.050141
0.051643
0.049269
0.0498
0.048833
0.049301
0.046859
0.046282
0.044047
0.044617
0.045539
0.047023
0.045872
0.045623
0.042741
0.039486
0.039224
0.036231
0.036679
0.036619
0.036083
0.036896
0.038358
0.037908
0.038387
0.036606
0.037136
0.035842
0.03618
0.034504
0.034528
0.034391
0.033481
0.031843
0.031468
0.0303
0.031872
0.032206
0.032414
0.03153
0.032278
0.031566
0.031524
0.030393
0.029889
0.030839
0.030675
0.030781
0.029864
0.030191
0.031869
0.034479
0.034403
0.034076
0.034204
0.03415
0.034573
0.033734
0.032301
0.032466
0.032738
0.032686
0.030237
0.031248
0.032286
0.032503
0.032234
0.031983
0.0307
0.03095
0.030003
0.029427
0.029324
0.029192
0.029322
0.029695
0.028515
0.028548
0.029574
0.03128
0.029834
0.030278
0.030711
0.031382
0.032905
0.031096
0.032272
0.03188
0.03127
0.031743
0.031019
0.030318
0.030176
0.0306
0.032843
0.033661
0.0349
0.036292
0.03617
0.032646
0.033187
0.033852
0.033656
0.03438
0.034332
0.037876
0.038995
0.035626
0.037152
0.036852
0.039497
0.036343
0.036592
0.035705
0.033339
0.034744
0.034952
0.034527
0.034577
0.035243
0.03464
0.035365
0.035763
0.036946
0.03682
0.037092
0.030537
0.032984
0.032348
0.032401
0.031815
0.033731
0.032698
0.032638
0.031831
0.032925
0.033241
0.033049
0.032408
0.037729
0.038702
0.038828
0.061417
0.051773
0.04979
0.04346
0.047192
0.053168
0.057142
0.05522
0.059789
0.061318
0.064462
0.070562
0.101777
0.096423
0.096688
0.096398
0.093865
0.09171
0.090527
0.080375
0.091854
0.086873
0.080879
0.082122
0.087961
0.091941
0.094646
0.089659
0.097405
0.102029
0.096312
0.099451
0.104105
0.107625
0.133967
0.137236
0.137643
0.12697
0.143885
0.137289
0.1388
0.149188
0.152888
0.14229
0.147205
0.137787
0.11892
0.128925
0.117346
0.117938
0.118652
0.115421
0.125128
0.123484
0.128597
0.16126
0.149092
0.144934
0.152667
0.174412
0.21043
0.220273
0.268398
0.270188
0.276105
0.366947
0.402551
0.342123
0.362481
0.348092
0.347763
0.319472
0.34411
0.318011
0.326152
0.30542
0.307262
0.348032
0.342189
0.342574
0.377845
0.394203
0.368278
0.353338
0.364472
0.320438
0.333067
0.318221
0.327588
0.298962
0.327384
0.338255
0.329941
0.349181
0.356924
0.408873
0.376296
0.381488
0.351603
0.347052
0.311547
0.289749
0.322153
0.292197
0.258486
0.268748
0.244462
0.245094
0.284763
0.303348
0.286951
0.286199
0.299946
0.327098
0.328886
0.322549
0.279522
0.315414
0.298525
0.305926
0.297238
0.291887
0.265903
0.283242
0.240013
0.333583
0.336664
0.30711
0.329221
0.292128
0.330843
0.217185
0.275506
0.237508
0.268863
0.232959
0.254168
0.252284
0.273919
0.253861
0.21852
0.209216
0.218486
0.234028
0.22556
0.231377
0.257321
0.232782
0.222779
0.22868
0.209289
0.216752
0.218078
0.205444
0.199646
0.189242
0.196707
0.198093
0.212327
0.205272
0.208269
0.206924
0.196945
0.193395
0.174396
0.165985
0.178933
0.191997
0.16639
0.178068
0.182282
0.182085
0.189774
0.195359
0.21227
0.193324
0.193306
0.194215
0.184944
0.184841
0.185531
0.17191
0.175238
0.169236
0.17155
0.168594
0.175966
0.170303
0.174111
0.180866
0.187535
0.182298
0.172967
0.158565
0.169049
0.17372
0.174385
0.179977
0.176612
0.184364
0.197364
0.197005
0.204228
0.214838
0.214312
0.206148
0.209276
0.21431
0.217867
0.219172
0.217954
0.224395
0.213804
0.221671
0.224856
0.228411
0.218702
0.231251
0.262234
0.252123
0.244185
0.228184
0.22408
0.237056
0.246799
0.24284
0.241599
0.260755
0.253263
0.257636
0.238789
0.254534
0.260884
0.25309
0.245628
0.251603
0.264727
0.27381
0.28498
0.31706
0.307328
0.311715
0.271607
0.318931
0.331358
0.315978
0.364442
0.420609
0.429116
0.455762
0.505923
0.478304
0.42515
0.430496
0.396071
0.335913
0.306295
0.367095
0.383043
0.35005
0.342288
0.334835
0.321129
0.304183
0.311013
0.338182
0.365341
0.38763
0.400457
0.40388
0.400943
0.380994
0.377906
0.373611
0.370861
0.343463
0.343729
0.350232
0.35857
0.388454
0.363343
0.372379
0.356195
0.356895
0.375543
0.401451
0.378349
0.378554
0.37985
0.367573
0.386773
0.391563
0.350109
0.370969
0.389371
0.419025
0.407031
0.40031
0.396606
0.390604
0.395586
0.39168
0.385605
0.394764
0.422225
0.425676
0.408401
0.433941
0.451605
0.437442
0.438342
0.425693
0.395394
0.406904
0.357728
0.380118
0.388151
0.385543
0.3633
0.370392
0.359609
0.347042
0.32155
0.331407
0.332423
0.356113
0.349078
0.351431
0.338999
0.315436
0.28586
0.275542
0.280202
0.273719
0.280236
0.251913
0.236944
0.253571
0.255919
0.225581
0.225011
0.256516
0.261241
0.251627
0.309164
0.323593
0.304088
0.308711
0.318735
0.328932
0.309976
0.315142
0.318978
0.313132
0.290914
0.282472
0.297746
0.290543
0.30089
0.312153
0.3065
0.325898
0.288261
0.294404
0.272412
0.2655
0.272505
0.26099
0.274771
0.295694
0.277637
0.281215
0.280237
0.27933
0.270215
0.26624
0.267214
0.259955
0.234354
0.220937
0.222223
0.206753
0.211686
0.21232
0.208143
0.216193
0.221884
0.218398
0.221887
0.229315
0.22135
0.236876
0.248163
0.258825
0.258038
0.261858
0.254038
0.256891
0.246996
0.233552
0.23118
0.227536
0.241929
0.259049
0.261752
0.234531
0.229626
0.232526
0.215727
0.200703
0.234847
0.218936
0.216051
0.224611
0.223463
0.210067
0.230058
0.226886
0.223204
0.221291
0.205539
0.210644
0.202762
0.206794
0.204938
0.212987
0.216653
0.206006
0.20612
0.199823
0.203569
0.200336
0.204499
0.20548
0.20814
0.210322
0.208769
0.211513
0.214442
0.218585
0.220345
0.223265
0.226543
0.242677
0.236134
0.254919
0.25346
0.23564
0.246053
0.244917
0.248534
0.238464
0.226944
0.210583
0.223169
0.208261
0.213954
0.209382
0.194819
0.198641
0.203318
0.19605
0.200025
0.198267
0.192598
0.194795
0.199493
0.196228
0.190962
0.189771
0.187487
0.185615
0.181847
0.167501
0.169362
0.169882
0.159183
0.141268
0.146309
0.139919
0.139083
0.151267
0.13598
0.134034
0.130431
0.127649
0.107251
0.11507
0.090613
0.086879
0.096372
0.101803
0.107781
0.102384
0.108624
0.099739
0.104026
0.099936
0.101357
0.104482
0.098464
0.099339
0.097591
0.091042
0.087124
0.089221
0.090542
0.097543
0.094437
0.089872
0.092377
0.088729
0.090321
0.093465
0.096712
0.090962
0.0881
0.086705
0.081161
0.077841
0.069879
0.0656
0.067406
0.071798
0.06511
0.068219
0.06228
0.066471
0.070846
0.07337
0.070162
0.073241
0.073917
0.074306
0.068768
0.070072
0.065893
0.064546
0.063238
0.061546
0.063399
0.062386
0.063713
0.061707
0.062558
0.064854
0.064253
0.069168
0.065035
0.060793
0.059587
0.063169
0.064015
0.065234
0.066432
0.064921
0.070885
0.073504
0.070539
0.07133
0.069725
0.06872
0.07227
0.065497
0.065688
0.070447
0.072328
0.071832
0.072788
0.075956
0.076922
0.072886
0.070851
0.072136
0.075912
0.076886
0.076927
0.080075
0.074569
0.078567
0.080932
0.082877
0.081149
0.078958
0.077842
0.076931
0.073466
0.070693
0.065346
0.067698
0.069247
0.066411
0.067078
0.067501
0.069618
0.062573
0.062931
0.062524
0.065902
0.063442
0.063104
0.063405
0.061858
0.06102
0.061555
0.062167
0.058523
0.060708
0.06118
0.063741
0.063859
0.064036
0.073497
0.064984
0.06418
0.061015
0.060639
0.061748
0.057449
0.059018
0.057499
0.056752
0.060075
0.061164
0.061131
0.059052
0.060022
0.05836
0.058026
0.057867
0.05732
0.057657
0.056391
0.057875
0.058446
0.057941
0.058101
0.06045
0.060283
0.060089
0.058397
0.060903
0.065714
0.06496
0.061635
0.060404
0.061385
0.062444
0.062199
0.059377
0.058524
0.059688
0.059733
0.060573
0.05865
0.059817
0.060552
0.058736
0.060052
0.061251
0.060638
0.059612
0.058294
0.058785
0.059879
0.063371
0.062163
0.059238
0.059186
0.05207
0.044201
0.050202
0.048209
0.047056
0.04533
0.047194
0.049078
0.048113
0.048459
0.048402
0.048729
0.046154
0.04509
0.046487
0.048417
0.049571
0.049003
0.049436
0.049163
0.048506
0.049391
0.05069
0.049152
0.048926
0.047552
0.048155
0.048592
0.048278
0.047067
0.047895
0.048058
0.048386
0.047933
0.047336
0.047758
0.046679
0.045772
0.042101
0.043043
0.043894
0.040858
0.042835
0.042648
0.043412
0.043528
0.043834
0.043514
0.043945
0.042241
0.040624
0.039484
0.037532
0.036429
0.038084
0.038861
0.038125
0.038506
0.038302
0.03913
0.039627
0.041866
0.044629
0.044652
0.045743
0.047648
0.050602
0.053189
0.052227
0.05369
0.05428
0.05414
0.061476
0.07248
0.071271
0.069061
0.068445
0.062749
0.067106
0.067007
0.069444
0.066834
0.069415
0.064103
0.064577
0.069702
0.066939
0.072396
0.073287
0.069956
0.067529
0.074908
0.075129
0.071463
0.076009
0.088147
0.086418
0.085884
0.087628
0.091564
0.083816
0.085444
0.086715
0.087426
0.086607
0.082593
0.082369
0.080724
0.077114
0.074943
0.074845
0.072307
0.069165
0.070623
0.069002
0.063969
0.064548
0.064034
0.063957
0.062731
0.060754
0.057501
0.059098
0.058531
0.062087
0.064526
0.06598
0.06012
0.06109
0.065405
0.062423
0.064879
0.061694
0.064253
0.060459
0.062474
0.060007
0.06028
0.062038
0.059269
0.059646
0.068706
0.064868
0.07339
0.073473
0.072871
0.068086
0.067452
0.066982
0.065549
0.064993
0.064801
0.064718
0.066224
0.065393
0.06435
0.066716
0.06748
0.068239
0.069209
0.066458
0.068037
0.062416
0.061848
0.059669
0.061166
0.060308
0.059912
0.060942
0.060363
0.061249
0.060681
0.060719
0.063786
0.059405
0.05887
0.058571
0.05746
0.058429
0.057028
0.056541
0.05455
0.054111
0.054337
0.051386
0.05231
0.051395
0.05181
0.052387
0.052343
0.05332
0.05236
0.052802
0.052999
0.052262
0.052
0.052245
0.050855
0.050665
0.052134
0.052063
0.05341
0.052789
0.052814
0.051342
0.050286
0.05085
0.050255
0.050197
0.048884
0.04955
0.048357
0.048675
0.048427
0.045496
0.044387
0.045245
0.046823
0.045431
0.042946
0.044401
0.045749
0.045213
0.04501
0.048998
0.050513
0.05024
0.05215
0.051222
0.051741
0.049657
0.050578
0.04767
0.048301
0.050607
0.05073
0.05009
0.050207
0.04854
0.047257
0.046193
0.047158
0.04714
0.047146
0.047498
0.048292
0.048315
0.052389
0.051137
0.052066
0.050836
0.051971
0.052745
0.056194
0.057042
0.0556
0.053599
0.053444
0.051968
0.052301
0.052404
0.051844
0.052637
0.053834
0.052897
0.052286
0.051817
0.052603
0.053348
0.053167
0.052537
0.057382
0.056469
0.06183
0.059786
0.05769
0.05656
0.056323
0.056945
0.065521
0.06747
0.062715
0.057729
0.059074
0.06526
0.061448
0.06126
0.058903
0.061794
0.059231
0.05886
0.057937
0.058204
0.056117
0.056323
0.053685
0.052419
0.04996
0.049711
0.048639
0.048393
0.049402
0.049243
0.049908
0.049885
0.049063
0.047861
0.046401
0.047042
0.049677
0.051577
0.051963
0.051684
0.049621
0.050127
0.050991
0.050557
0.050425
0.050472
0.051915
0.049863
0.050526
0.049413
0.049453
0.04988
0.049516
0.049748
0.050781
0.049922
0.049366
0.048861
0.048107
0.04844
0.048226
0.048059
0.046489
0.046942
0.046621
0.045624
0.04667
0.046823
0.046788
0.047515
0.046692
0.047456
0.045816
0.04743
0.049032
0.049926
0.0518
0.051366
0.052084
0.052946
0.050993
0.05196
0.05249
0.053708
0.052487
0.053603
0.055487
0.05478
0.055697
0.055895
0.058581
0.057587
0.060608
0.059773
0.062829
0.061901
0.062144
0.059173
0.0585
0.061826
0.060803
0.063827
0.061669
0.062584
0.066085
0.058775
0.062504
0.061599
0.062317
0.063538
0.062921
0.061558
0.061177
0.060142
0.06024
0.060878
0.062482
0.062287
0.063831
0.065916
0.068551
0.069218
0.074256
0.074381
0.075059
0.070966
0.075487
0.076827
0.083843
0.079967
0.079901
0.078542
0.079495
0.081548
0.087
0.091241
0.090911
0.091231
0.090313
0.092499
0.089798
0.092212
0.089548
0.089047
0.087126
0.085916
0.091616
0.096993
0.088302
0.088121
0.084777
0.079524
0.075207
0.081573
0.0775
0.083335
0.084278
0.080062
0.081162
0.077065
0.07779
0.080556
0.079001
0.075215
0.075551
0.076352
0.075427
0.071208
0.070626
0.072244
0.071335
0.074537
0.074437
0.073356
0.07441
0.072936
0.069541
0.070229
0.069192
0.069292
0.068411
0.069429
0.074933
0.075886
0.076013
0.079461
0.07894
0.078292
0.079748
0.081514
0.082506
0.082867
0.08565
0.083497
0.089747
0.111994
0.107459
0.104558
0.116106
0.10941
0.110095
0.109232
0.111618
0.108237
0.113518
0.114489
0.116773
0.115446
0.113003
0.117358
0.111743
0.125818
0.133947
0.130716
0.130763
0.125938
0.132684
0.133177
0.132615
0.126974
0.120262
0.110812
0.116365
0.111873
0.101306
0.111381
0.109986
0.106405
0.10662
0.109863
0.117147
0.12033
0.113734
0.116196
0.116099
0.113619
0.115728
0.109987
0.103602
0.102717
0.105186
0.104623
0.106007
0.105858
0.10949
0.103415
0.102317
0.099915
0.087711
0.078864
0.083611
0.07953
0.07989
0.078113
0.082302
0.080504
0.086898
0.088777
0.090412
0.156492
0.124613
0.119673
0.110919
0.106481
0.103528
0.103254
0.093664
0.099758
0.100402
0.111437
0.108881
0.110322
0.114042
0.10789
0.106105
0.110649
0.105748
0.106627
0.108569
0.107541
0.105215
0.110992
0.112335
0.11493
0.11465
0.110963
0.117574
0.115073
0.113248
0.108814
0.107948
0.108526
0.106767
0.106743
0.104341
0.103094
0.100643
0.100179
0.09992
0.099197
0.101359
0.102465
0.104454
0.101416
0.094007
0.090333
0.091442
0.089113
0.087356
0.091744
0.088317
0.086329
0.084807
0.086336
0.080197
0.077722
0.080477
0.080324
0.078695
0.077855
0.076211
0.077537
0.078747
0.076112
0.078619
0.076794
0.076116
0.076521
0.076704
0.078024
0.072132
0.066308
0.067111
0.070066
0.064567
0.066347
0.06778
0.066428
0.065645
0.067323
0.071339
0.072103
0.0783
0.076594
0.075308
0.072726
0.074724
0.074678
0.074705
0.07085
0.068262
0.06653
0.066034
0.068288
0.068762
0.067532
0.067093
0.065942
0.062976
0.063364
0.059457
0.058225
0.055244
0.052233
0.055066
0.051315
0.059027
0.056262
0.055908
0.052648
0.053839
0.054275
0.05362
0.051953
0.051988
0.052643
0.053141
0.054318
0.053692
0.054763
0.055275
0.059491
0.060465
0.059003
0.056043
0.052604
0.051328
0.051143
0.051369
0.049973
0.047955
0.050812
0.048871
0.049312
0.048178
0.04712
0.048583
0.049448
0.051078
0.050938
0.050027
0.050544
0.052385
0.051662
0.050139
0.049454
0.049866
0.050613
0.051655
0.05275
0.056063
0.053845
0.057972
0.057822
0.058461
0.061748
0.06188
0.061252
0.061422
0.057455
0.052876
0.05167
0.051662
0.054739
0.053134
0.054163
0.052491
0.052297
0.050211
0.050301
0.051358
0.051529
0.05113
0.053416
0.056091
0.053524
0.051124
0.051763
0.053468
0.055891
0.052897
0.052532
0.051219
0.051141
0.047634
0.048148
0.048846
0.048786
0.049622
0.048652
0.046285
0.04559
0.044843
0.042852
0.042484
0.046085
0.049031
0.049259
0.052243
0.052793
0.054954
0.05842
0.064728
0.059488
0.063776
0.072788
0.090641
0.09029
0.144746
0.133079
0.122086
0.126614
0.146977
0.154457
0.147177
0.134909
0.13916
0.141886
0.144858
0.178367
0.169293
0.209351
0.308863
0.315747
0.288064
0.288741
0.367354
0.332118
0.328654
0.281338
0.289402
0.299654
0.29159
0.314772
0.293878
0.295571
0.282478
0.284163
0.27188
0.268565
0.270608
0.254243
0.265128
0.291453
0.328824
0.313496
0.284404
0.275784
0.293989
0.278937
0.278054
0.268489
0.293921
0.291705
0.313381
0.305786
0.301297
0.308052
0.289539
0.284792
0.268802
0.28187
0.291386
0.277984
0.275012
0.286989
0.32366
0.363434
0.375221
0.35507
0.326238
0.341091
0.33716
0.325192
0.327189
0.327221
0.331997
0.323409
0.314349
0.299181
0.308854
0.316217
0.306485
0.285528
0.253317
0.275149
0.250901
0.238691
0.228836
0.232847
0.234506
0.229575
0.231904
0.228795
0.234547
0.225704
0.230899
0.229065
0.220146
0.212043
0.206683
0.215696
0.22195
0.213206
0.216522
0.211499
0.196241
0.197179
0.197757
0.199602
0.212625
0.253088
0.264656
0.222817
0.241561
0.24913
0.237941
0.232627
0.226643
0.199269
0.189435
0.195807
0.20096
0.18925
0.191889
0.192706
0.185202
0.191654
0.18855
0.197475
0.18985
0.184422
0.18244
0.185691
0.192894
0.194878
0.191581
0.193397
0.181898
0.172006
0.167612
0.163176
0.170132
0.161518
0.16236
0.164206
0.162094
0.139662
0.152456
0.145968
0.168584
0.167543
0.167513
0.177605
0.165325
0.165116
0.156959
0.157396
0.162877
0.165092
0.166847
0.16602
0.169383
0.181351
0.180398
0.188332
0.19239
0.1917
0.190576
0.190733
0.186338
0.182118
0.186179
0.186921
0.180401
0.17619
0.17356
0.17704
0.17577
0.194952
0.202247
0.219346
0.20641
0.215274
0.216421
0.206134
0.197676
0.195471
0.191012
0.197403
0.193916
0.194944
0.19816
0.204575
0.190093
0.188524
0.188199
0.18588
0.187425
0.185898
0.179501
0.167078
0.167544
0.168625
0.171468
0.171867
0.167208
0.159822
0.164495
0.168841
0.169292
0.177793
0.180008
0.172995
0.16327
0.158929
0.155197
0.154572
0.153566
0.148751
0.147881
0.14777
0.144615
0.13792
0.133503
0.151827
0.153863
0.149894
0.142739
0.146059
0.147893
0.152734
0.15002
0.144742
0.155232
0.158953
0.152995
0.154247
0.159534
0.158363
0.16089
0.171021
0.189818
0.193833
0.197259
0.240938
0.236235
0.233061
0.236282
0.278532
0.259351
0.26724
0.271528
0.271295
0.274968
0.245239
0.238966
0.258442
0.279233
0.291614
0.270797
0.263736
0.255725
0.25135
0.242239
0.230122
0.248772
0.250594
0.239165
0.244749
0.259556
0.261925
0.266259
0.259365
0.24702
0.260637
0.266492
0.248642
0.247656
0.252442
0.252256
0.245019
0.231145
0.241449
0.235462
0.256798
0.253186
0.247875
0.2311
0.241742
0.237458
0.239018
0.22799
0.225945
0.218918
0.214056
0.220401
0.219422
0.213678
0.218427
0.214633
0.219448
0.226582
0.228094
0.234076
0.23981
0.245671
0.248192
0.240998
0.237132
0.238104
0.24267
0.246507
0.238923
0.242123
0.234203
0.222277
0.219313
0.221355
0.207319
0.214598
0.212848
0.216153
0.216895
0.214971
0.224084
0.227586
0.225396
0.217141
0.216288
0.230194
0.218487
0.219711
0.213237
0.163994
0.168251
0.18567
0.194381
0.190385
0.179031
0.170494
0.16261
0.165941
0.170417
0.175773
0.170545
0.166055
0.16501
0.170758
0.172611
0.179876
0.184502
0.194581
0.201163
0.19649
0.201136
0.196275
0.194875
0.175351
0.168864
0.175346
0.162793
0.176869
0.175494
0.176602
0.193766
0.177737
0.173949
0.165355
0.152649
0.154684
0.146667
0.145655
0.150483
0.144769
0.136333
0.130728
0.131653
0.148146
0.148315
0.144827
0.147989
0.14711
0.145377
0.143401
0.141754
0.133212
0.144617
0.146142
0.139488
0.134164
0.13403
0.130955
0.134602
0.139069
0.134792
0.129982
0.123852
0.123119
0.118259
0.11419
0.114503
0.109647
0.104971
0.111995
0.113716
0.11188
0.114071
0.110421
0.10928
0.108826
0.11163
0.115173
0.115299
0.112671
0.111738
0.106211
0.114228
0.121548
0.120741
0.125178
0.13178
0.128849
0.123431
0.120508
0.120103
0.117724
0.117204
0.114975
0.122142
0.123442
0.117722
0.118621
0.118672
0.111974
0.110805
0.105567
0.109175
0.108059
0.109378
0.108461
0.103106
0.106515
0.108059
0.106943
0.100963
0.098532
0.092783
0.088706
0.093185
0.090333
0.089308
0.078194
0.091161
0.089988
0.091256
0.092011
0.090627
0.088981
0.093047
0.098789
0.103861
0.100285
0.101749
0.10206
0.099118
0.097565
0.099779
0.099725
0.098031
0.094855
0.095091
0.101756
0.102511
0.100455
0.100331
0.096958
0.097979
0.096957
0.101168
0.09952
0.097533
0.095747
0.094017
0.094289
0.095115
0.094175
0.094813
0.095121
0.093645
0.096168
0.100298
0.098771
0.095847
0.092898
0.093181
0.091506
0.089125
0.093198
0.094186
0.09467
0.091138
0.089046
0.089752
0.088014
0.087141
0.087573
0.088456
0.08792
0.087662
0.087512
0.087953
0.087441
0.091998
0.088954
0.089407
0.089584
0.088382
0.085209
0.087872
0.085039
0.08708
0.09058
0.090814
0.088858
0.087354
0.089713
0.090365
0.090803
0.090843
0.090973
0.091246
0.092358
0.08977
0.088946
0.08864
0.087336
0.088132
0.08856
0.087724
0.087679
0.09031
0.091372
0.090032
0.09261
0.09282
0.097416
0.096931
0.093765
0.093476
0.094907
0.092822
0.091215
0.090025
0.09009
0.088479
0.088722
0.089786
0.087873
0.089682
0.08838
0.088065
0.08646
0.085579
0.091015
0.099503
0.094968
0.09544
0.095415
0.095425
0.095305
0.09533
0.09512
0.095145
0.09511
0.095155
0.094805
0.09469
0.094805
0.09482
0.09473
0.09488
0.094905
0.09488
0.09481
0.09482
0.09479
0.09468
0.094725
0.09487
0.094945
0.09498
0.094945
0.094945
0.09488
0.09474
0.094795
0.094805
0.094755
0.094795
0.094645
0.0945
0.09465
0.09458
0.094605
0.094555
0.094675
0.09486
0.094515
0.094705
0.094715
0.094465
0.094635
0.094715
0.094595
0.09464
0.09463
0.09442
0.09438
0.094415
0.094235
0.094175
0.094485
0.094735
0.09446
0.094525
0.09454
0.094395
0.09455
0.094455
0.094455
0.09446
0.094485
0.094425
0.09446
0.094475
0.094455
0.09441
0.09448
0.09457
0.09455
0.094485
0.094595
0.094615
0.094675
0.09464
0.0946
0.094595
0.09464
0.094735
0.09456
0.09454
0.09444
0.09443
0.09451
0.094505
0.094705
0.094665
0.09456
0.09466
0.09467
0.094715
0.09474
0.09485
0.09482
0.09473
0.094795
0.09482
0.094815
0.094795
0.094795
0.094885
0.095055
0.095105
0.094935
0.094965
0.09499
0.094995
0.095015
0.094945
0.095105
0.095065
0.095035
0.09506
0.094955
0.095
0.09499
0.09504
0.09508
0.09515
0.095125
0.09521
0.09517
0.09511
0.095085
0.09505
0.095105
0.09509
0.09506
0.095015
0.095045
0.09497
0.09504
0.095095
0.09521
0.09517
0.095155
0.09524
0.095225
0.095205
0.09524
0.095255
0.095205
0.09512
0.09513
0.09503
0.09491
0.09496
0.09507
0.09499
0.09497
0.09495
0.09496
0.09497
0.094955
0.09491
0.094905
0.094825
0.094925
0.09497
0.09506
0.094975
0.094975
0.09509
0.09503
0.095005
0.095035
0.095065
0.09521
0.095075
0.09528
0.0953
0.095255
0.09525
0.09525
0.095205
0.095175
0.09515
0.0952
0.09519
0.095195
0.095165
0.095125
0.095115
0.095135
0.09519
0.09521
0.095135
0.095035
0.095055
0.09506
0.09497
0.095105
0.095045
0.09498
0.095005
0.09495
0.09499
0.0951
0.095085
0.0951
0.09512
0.095095
0.09508
0.094965
0.09493
0.09488
0.094865
0.09488
0.09487
0.094945
0.09498
0.094905
0.094865
0.09483
0.094965
0.094965
0.095085
0.095135
0.095165
0.09516
0.095245
0.095225
0.095225
0.095255
0.09524
0.095305
0.095255
0.095245
0.09527
0.0953
0.09532
0.09532
0.095325
0.09527
0.0953
0.095345
0.095345
0.0954
0.095615
0.095535
0.095595
0.095705
0.09571
0.09598
0.09595
0.09608
0.096005
0.096045
0.09607
0.09594
0.095945
0.096055
0.09599
0.09612
0.096005
0.09597
0.096025
0.096085
0.096275
0.096315
0.09624
0.09637
0.096385
0.09634
0.09631
0.0963
0.0964
0.09642
0.09645
0.096445
0.096435
0.096425
0.096395
0.09648
0.0965
0.09643
0.096475
0.096395
0.096405
0.09633
0.096335
0.096395
0.096375
0.096375
0.092565
0.092305
0.09238
0.092385
0.092295
0.0923
0.092275
0.09226
0.092205
0.092125
0.09205
0.09204
0.09211
0.09216
0.092095
0.09228
0.092265
0.09226
0.09225
0.092225
0.0922
0.09223
0.09217
0.09218
0.09217
0.092135
0.092175
0.09221
0.09221
0.092125
0.092075
0.092
0.09204
0.09204
0.09203
0.092185
0.09222
0.09217
0.092175
0.092055
0.09218
0.09214
0.092115
0.092035
0.09203
0.092005
0.091955
0.09194
0.091915
0.091905
0.09162
0.09166
0.091595
0.09156
0.09157
0.091465
0.09151
0.09152
0.09154
0.091485
0.09151
0.091535
0.091505
0.09159
0.091625
0.091705
0.091795
0.091795
0.09183
0.09188
0.09188
0.09186
0.09162
0.091445
0.09145
0.09146
0.091415
0.09142
0.0915
0.091385
0.091315
0.091455
0.09149
0.09149
0.09149
0.09149
0.09149
0.09149
0.09149
0.09149
0.09148
0.091555
0.091465
0.091665
0.09164
0.091735
0.091585
0.09144
0.0915
0.09139
0.091285
0.0912
0.09097
0.091
0.091165
0.091295
0.09132
0.09129
0.091235
0.09131
0.091315
0.09148
0.091555
0.09155
0.09161
0.0917
0.091735
0.091655
0.09173
0.091645
0.09158
0.091545
0.091435
0.091575
0.09163
0.091455
0.091555
0.09142
0.091245
0.091405
0.09143
0.09154
0.091505
0.09164
0.09155
0.091535
0.09152
0.09149
0.091515
0.0915
0.087065
0.08701
0.087035
