4.896294
4.986754
5.234632
4.118469
4.566561
4.712279
4.539249
4.625536
4.204803
4.142951
4.322546
4.15109
3.927156
4.02166
3.96111
3.97802
3.537658
3.446818
3.904279
4.235305
4.026705
4.095879
4.41574
4.488054
4.150056
4.127353
4.04048
4.196009
4.116062
4.050311
3.802201
3.965959
4.314421
4.262106
4.1897
4.15321
4.160973
4.122243
4.066606
3.775312
3.714938
3.648368
3.682664
3.623915
3.332747
3.184633
3.358205
3.595282
3.403408
3.476598
3.417125
3.586142
3.484356
3.429143
3.697801
3.500485
3.53658
3.716656
3.831768
3.748681
3.627004
3.710605
4.001856
3.889969
4.068428
4.266966
4.049503
3.52771
3.592152
3.624503
3.704312
3.686424
3.579318
3.731418
3.821922
3.551129
3.615126
3.599609
3.392123
3.112555
3.261969
3.15269
3.235806
3.334231
3.331057
3.140347
3.299948
3.344162
3.209255
3.404798
3.469613
3.311469
3.097619
3.082421
2.916323
3.098723
2.95471
2.91827
2.906161
2.947435
2.924666
2.922409
3.135609
3.664823
3.49494
3.472944
3.590243
4.237412
4.620357
4.476613
5.79711
7.218531
6.586496
6.494089
7.7827
8.466815
9.261315
9.380012
12.877918
13.202684
12.701574
11.790321
12.411565
11.310116
12.718836
12.877226
12.46392
12.224095
12.17289
11.184797
12.00027
11.621697
11.984419
13.516318
13.22777
13.515045
14.805049
15.368177
17.913799
17.976021
24.207178
30.275328
31.598886
55.298477
47.370319
48.656181
43.787148
38.575954
38.176502
36.336075
37.052147
41.015091
38.751457
36.233868
36.147972
32.279057
27.562902
29.93598
26.739532
25.93981
25.814472
23.823219
27.403772
27.135157
27.272078
25.805176
24.378054
24.923477
26.650154
25.545988
34.248699
29.714048
30.728991
27.989315
30.909084
29.058769
29.017908
33.080162
32.645828
33.301388
37.764977
34.346478
32.811722
29.360292
28.59127
26.051702
25.997766
28.237909
27.631645
28.697353
29.469568
29.625277
28.72897
28.418751
29.117611
28.251848
29.329712
31.246593
31.554495
29.476511
30.764034
31.53261
31.803802
31.602322
33.883968
33.673531
38.462868
37.143063
35.631317
34.341454
29.253094
26.283066
27.347954
25.903503
24.034962
23.498425
21.777529
21.543121
26.459278
27.82037
28.327574
27.929865
32.918373
31.890842
31.304956
35.93232
30.361431
35.263119
37.980843
38.049919
38.322075
39.021637
34.701488
36.82478
32.016247
34.98024
36.951202
34.410564
36.51881
33.662254
36.822159
23.383896
25.196884
21.801769
18.851139
15.756152
19.410948
19.450809
20.905676
19.000336
16.733412
16.127493
16.534386
18.16132
17.77317
18.67708
20.243713
18.247404
17.250303
17.40011
15.52264
14.86894
15.386891
14.176408
13.418979
13.55193
14.775566
14.965836
15.180043
14.067678
14.832069
13.627871
13.457729
13.970991
11.210616
10.526582
11.193947
11.482957
10.27067
10.275571
10.91908
11.286296
11.85142
11.955547
11.229811
11.132654
11.503907
12.3501
12.02681
13.357434
13.089753
12.119664
12.544168
12.025737
12.413665
12.186533
11.914669
11.792096
11.349886
10.860897
10.927746
10.704651
10.169768
9.650588
10.420525
10.828588
11.099356
11.172817
11.240787
11.49217
11.919773
12.256927
12.418383
13.002365
13.591609
12.877432
13.006891
12.533294
13.679925
13.834281
14.725431
15.76119
14.814119
16.231806
16.448439
16.748678
16.569054
18.048754
18.06765
18.795135
19.182631
23.529999
29.890814
30.634274
39.185303
43.786911
43.5322
46.450531
55.345852
46.115124
41.420753
50.077789
50.197136
47.509106
41.325077
39.48735
41.931602
47.755917
45.911182
47.143166
48.178925
47.042988
37.598949
37.051407
40.772614
49.189137
57.164246
59.25943
53.110153
51.578117
57.625393
67.842697
69.934013
69.012383
70.075722
56.677929
59.017357
74.187035
76.41906
72.401901
68.38166
66.861969
66.508759
61.517719
65.520004
66.765884
67.570396
69.22049
68.717041
65.159843
64.650116
60.114075
61.488354
60.520226
60.566257
56.593575
55.304611
54.357971
55.152489
56.081104
56.251087
57.483093
56.077366
55.474483
56.816975
59.559841
61.309811
65.455284
65.459167
64.518394
69.824692
68.871132
61.516636
64.430077
64.772469
62.415268
64.287804
65.072517
67.584557
75.43042
79.293221
74.364738
78.685204
87.705421
91.184784
88.454865
85.295273
88.061333
84.724915
97.260468
95.403542
93.550232
97.975571
107.802078
100.252769
112.02356
125.77063
128.599823
134.531036
123.831047
120.228188
122.648529
103.829582
113.276649
110.58902
120.258301
120.343697
119.750847
107.866547
108.137848
92.880234
85.790024
93.319298
89.952179
93.221054
85.461769
80.739677
86.392815
88.109116
79.149628
87.311905
101.18145
98.401886
111.008766
116.016869
107.673782
113.408516
123.332947
116.477356
121.209969
114.976456
115.031929
115.214828
113.598618
107.215614
102.998123
101.928276
109.270485
114.158012
113.186333
108.14521
103.239243
97.852577
95.19854
86.767715
84.056839
89.206558
84.532616
89.501816
95.823509
89.407883
90.34053
93.315819
92.239799
86.750664
86.013412
82.903305
79.068459
65.922562
59.72905
64.72541
62.877632
67.900589
65.995789
64.696808
67.127312
72.120277
67.973785
69.992424
73.448814
67.879974
68.107719
77.311638
77.249489
78.757263
83.167
86.624199
90.020866
91.136223
81.732994
81.245674
78.243118
82.019669
92.672501
95.346115
88.123772
83.836975
85.099319
77.336784
69.98893
74.574356
73.698631
76.523964
80.832619
81.879707
74.991188
84.339233
86.735931
83.291664
78.557648
75.654243
76.727425
72.529022
71.880539
72.918358
77.716049
74.004097
71.235474
71.002197
68.075996
68.891838
69.887383
74.183746
79.538513
85.762383
89.694122
84.724304
86.449699
83.981445
86.251015
87.555389
83.661369
85.95565
89.824844
89.604553
92.840889
95.779984
96.92466
96.693184
95.973267
98.077782
95.520218
91.021095
82.95591
87.919708
83.769226
84.594627
81.816467
74.172615
76.360062
80.001976
76.817856
77.437538
77.890266
75.709259
77.793678
80.285919
78.27433
75.080742
74.122963
72.920013
71.603035
72.867424
68.672058
69.857727
67.31945
63.417095
57.048004
58.856148
60.517105
59.660107
67.086105
59.127441
57.034325
55.156693
51.521225
41.972042
44.560284
30.962866
30.357536
32.136429
34.082527
36.542336
32.571999
34.396461
29.605482
30.379015
28.953659
29.866652
31.807362
29.026232
29.025648
27.225376
23.55003
22.418623
24.839766
26.12007
27.632151
26.389933
23.800512
24.677284
23.005442
24.53233
24.164183
25.988592
24.635429
24.500254
24.41066
22.076071
19.798967
17.387442
16.019936
16.540352
18.211996
15.732276
16.009447
14.841097
16.189737
17.137867
16.855997
16.075989
18.290051
20.548855
21.366358
19.692432
19.317566
18.120983
17.598017
16.929367
16.08592
16.336136
16.660402
17.939966
18.06473
19.147266
20.233839
19.797907
19.918478
19.152054
17.374582
16.845411
18.809504
19.729874
19.386038
21.211493
20.605005
24.089714
24.737207
23.597717
25.043924
23.715851
23.646006
23.866123
20.975677
20.668285
23.418182
24.237097
24.522364
24.228477
23.745783
23.658236
22.861057
23.071917
23.37562
24.949528
26.659428
27.889965
27.948954
27.420223
29.11731
28.555143
29.343828
29.108469
28.215635
27.92951
27.162704
25.486738
24.257698
22.487879
22.302879
22.97731
22.581425
23.524401
23.024132
23.020317
20.59803
20.077759
18.430382
19.349014
19.345507
19.12834
19.306751
18.860632
18.875084
19.005001
19.426531
18.219856
19.032774
19.123457
20.400782
20.497501
20.658855
21.348209
19.068272
19.12076
18.186092
18.056599
18.483089
16.732431
17.304716
16.667398
16.618116
17.690845
17.959776
17.623594
17.33123
17.542063
17.307692
17.257486
17.348639
17.196198
16.970863
16.533379
17.168192
17.440378
17.373703
17.037783
16.904615
16.785358
16.903053
16.238503
15.951669
15.961631
15.671714
15.682384
15.440478
15.755319
16.185099
15.87176
15.107033
15.187332
15.690287
15.683672
16.302294
15.759552
16.668629
17.015156
16.913971
18.340309
18.307974
18.265606
19.311609
18.668783
17.897476
18.047655
19.39576
19.603249
18.27923
18.06842
15.991605
12.917875
15.386506
14.095546
13.064071
13.05202
13.106764
13.496582
13.078483
12.889345
12.989431
12.882173
12.196779
11.83438
12.322193
13.031652
12.940833
12.828289
12.752357
12.876786
12.457791
12.472988
13.157401
12.887733
13.586399
13.431282
13.925615
13.602733
13.666422
13.264048
13.406714
13.451823
13.480047
12.9951
12.991485
13.728175
13.72756
13.170801
11.846814
11.963337
11.922679
11.38228
11.967805
11.696437
11.843431
11.781727
11.680429
11.684593
11.723856
11.646396
11.202914
10.992695
10.870249
10.902633
10.865915
11.153615
11.38445
12.077613
11.740196
11.781206
11.743424
12.072585
12.209637
12.731241
15.913924
15.45735
15.962223
16.958057
16.797117
16.740788
17.126593
15.804331
16.196354
17.521275
16.896469
17.362272
18.006586
17.019314
17.80389
18.108034
21.254103
20.604959
21.079779
19.73917
19.8445
20.965364
21.180059
21.365187
21.024635
20.108017
19.585035
20.845219
20.081474
17.874453
17.798531
18.029085
17.768698
17.620972
18.147032
19.923647
18.614832
19.477388
19.578697
19.802076
20.810766
20.94013
20.314476
19.702639
18.368599
17.959642
18.443855
17.939739
17.081114
17.761023
17.447031
16.654383
16.117805
16.159338
16.52438
16.169783
15.134353
14.40396
14.829691
14.63896
16.25658
16.500086
17.180817
15.585169
15.876478
17.646437
16.987368
17.563107
16.640814
17.485468
16.779812
17.562937
16.986759
16.880116
17.134026
16.503172
16.726269
17.29394
17.245333
17.71689
17.662683
17.263288
17.101025
17.647121
17.989527
18.001949
17.624462
17.464861
17.560928
17.932528
18.164394
18.491119
18.854362
19.248789
19.10762
20.201979
20.514563
21.227848
18.993925
18.332067
16.953629
17.233839
16.865465
16.939165
17.643209
17.189762
17.724499
17.563816
17.482082
17.16626
16.658381
16.854708
17.222132
16.917955
17.386604
16.635519
16.447729
15.423477
15.335583
15.536709
14.973288
15.192853
14.942066
15.03025
15.093147
14.903059
15.164074
14.700572
14.678989
14.636694
14.313435
14.680552
14.711454
14.147786
14.095545
14.34576
14.549346
14.935823
14.484777
14.451114
14.119641
14.106984
14.490138
14.574328
14.782493
13.897244
14.631877
14.032129
13.931173
13.767868
11.680258
11.575257
11.520296
11.787354
11.366084
11.401452
11.541641
11.625214
11.342635
11.45461
12.10645
12.917663
12.667883
13.28195
13.02487
13.442519
13.152834
13.205108
12.355886
12.677756
13.01305
12.994583
13.119144
13.223526
13.042005
12.670046
12.410745
12.739989
13.660159
13.607532
13.389391
13.260404
13.025257
14.092904
14.644426
14.834538
14.289564
14.422089
13.791775
14.006319
13.856022
13.983912
13.504373
13.560689
13.103472
13.345781
13.264717
13.14131
13.238449
13.246443
13.128493
12.825377
12.875664
12.537364
12.446004
12.397879
12.437811
12.572416
12.448242
12.691263
12.6213
12.480973
12.441793
12.389761
12.274398
12.353682
11.806095
11.368607
10.590561
10.799485
10.806824
10.87309
10.361356
10.130791
10.336661
10.113131
10.053032
10.091712
10.198778
10.367796
10.810597
10.411699
9.987269
9.924744
9.911879
9.884934
9.801346
9.914537
9.938822
10.070908
9.921845
9.845693
9.474143
9.230627
9.216546
9.299893
9.395648
9.429611
9.388934
9.106959
9.113309
9.218696
9.047985
8.826977
8.863329
8.900282
8.787722
8.943992
9.043547
8.922224
9.262673
9.175295
9.2438
9.739898
9.32708
9.403886
10.093604
10.132204
10.656948
10.363144
10.096407
9.538162
9.533376
9.304061
9.1176
9.156828
9.150793
9.173215
9.422463
9.11285
8.915651
9.065719
9.221672
9.639254
10.063459
10.565309
10.314807
10.510029
11.052853
10.598812
10.973056
11.361387
11.452512
11.324402
12.209151
11.889125
12.111171
12.217773
12.366694
13.081213
12.82354
13.021961
12.972376
14.74855
16.788073
18.845966
16.219933
17.090946
20.734653
21.760902
21.940825
21.995352
22.859646
20.861599
19.044807
20.796759
20.672449
20.885729
21.327324
21.110458
20.358753
20.653627
21.086414
21.386862
21.861374
22.241074
21.968658
22.632719
24.484774
26.217491
26.303724
30.636808
31.817724
37.075027
38.139904
37.430912
39.053768
39.305656
39.812111
42.081905
40.662323
41.061203
39.821335
43.426338
45.961643
45.443394
48.067059
47.711239
48.345203
44.426029
42.410416
39.906868
40.211086
39.394848
38.54491
41.864464
40.64521
36.795277
38.737835
36.434849
34.62418
33.629654
36.082607
34.695011
38.472389
39.445778
35.871696
36.45084
35.337997
35.664288
35.590725
36.006577
33.528152
32.643002
32.808426
32.473045
29.483093
30.591784
31.217867
30.480639
32.279819
33.261963
34.793774
36.073769
35.144779
33.1619
33.828541
36.707916
35.916401
34.844994
34.500774
34.141468
35.279247
35.427765
38.01096
40.288319
39.732269
41.088188
39.76535
42.268391
41.596004
40.31213
39.762489
40.254662
39.482235
38.527405
37.635437
36.750725
35.926319
36.738045
37.44997
39.336189
39.268646
40.294788
40.935387
42.855328
44.333908
42.604858
43.088238
39.500137
41.514336
43.290005
42.740364
43.000336
42.052711
49.007233
55.59137
54.948246
54.059368
58.489887
53.499805
58.115814
60.689945
53.525894
57.03072
53.865566
53.267067
53.412357
55.664196
57.823334
55.818089
54.114628
54.621883
53.406239
53.002426
54.110428
51.4505
46.820255
45.945698
46.506927
45.380424
48.19574
49.387211
49.883568
46.470196
47.311695
46.057598
39.417744
34.078411
37.316444
35.157204
34.766216
33.546238
34.850845
34.722481
38.301056
37.11705
39.225994
38.28661
36.368187
35.583652
34.405159
34.430248
33.93898
35.364254
32.706425
33.288101
33.612564
35.584896
37.361832
37.401939
37.138363
35.341732
34.047199
35.080654
33.712517
33.479149
33.16724
32.421722
31.56851
34.679607
34.46154
36.423485
37.268311
35.62183
40.13942
41.163742
39.992428
38.508545
37.993469
38.287785
36.752045
38.234318
36.995396
36.136925
35.987576
36.055862
35.760113
34.932491
35.040466
36.073288
36.521587
35.911816
33.50779
32.290031
32.968369
32.274227
31.541475
33.273411
30.983215
30.291039
29.987537
30.03887
28.480154
26.618864
26.891941
27.544409
27.450439
25.617315
25.051203
24.831316
25.39945
25.803598
27.895298
27.895786
27.725508
29.360876
28.816137
28.642643
26.491297
24.446415
25.134418
27.443426
25.70513
25.222187
26.4216
25.767666
25.225519
25.974354
25.873245
26.369358
27.854927
28.030329
27.253254
27.138296
28.187994
29.130953
32.605659
31.858896
29.841068
28.396355
27.257288
28.708839
28.084833
27.400574
27.083111
26.33919
25.71909
25.723108
23.594503
22.683567
21.227669
19.549341
20.877193
19.829348
22.737106
21.774155
21.588261
20.428547
21.289515
21.40406
20.972698
20.141338
20.394377
20.670944
20.8197
21.227411
22.425114
23.527414
25.267035
26.51952
27.165842
26.96492
25.956245
24.101639
23.464334
22.906324
23.286901
22.797575
21.448174
22.368862
21.383656
21.899666
21.366562
21.147371
21.797344
23.215967
23.859669
24.359909
23.296936
24.028889
24.952272
25.330502
23.837696
23.519232
23.758402
24.638651
26.655708
27.599932
27.847656
27.337196
27.407101
28.48176
27.290144
29.154499
30.449289
29.330692
29.069881
27.738949
25.866516
25.381216
24.653477
26.24128
25.69071
26.928572
26.556774
26.333069
25.766281
25.854782
27.416409
28.627531
29.171486
29.062817
28.191294
28.04302
27.261091
28.100569
28.108549
28.935167
27.749626
27.603823
26.662872
26.833412
24.892988
25.386614
25.732752
26.255901
26.848377
26.198242
25.017124
24.790581
24.088131
23.53825
22.705973
23.995476
27.033344
27.383121
28.77614
30.417948
31.982672
35.759197
34.046734
33.133389
31.160669
33.146217
35.114693
34.738087
35.448456
34.274109
33.585712
35.824387
43.089741
41.489986
42.043064
41.396076
42.77906
43.912407
42.840183
44.92411
44.892868
45.091824
52.313057
50.999489
52.817341
50.819782
52.589291
51.676037
53.933502
45.230267
44.639965
48.370926
53.119701
52.701763
49.832771
50.754616
48.993259
47.838772
42.803909
38.910896
39.817245
37.401676
36.516033
39.028503
41.212578
40.248493
37.280796
36.480522
37.661846
35.826664
35.906055
35.690929
37.693439
39.22916
41.882751
42.681068
43.079235
44.097416
39.266342
37.422333
36.188156
36.686348
37.095219
36.557964
35.289326
36.502346
39.852821
40.048435
41.391541
39.245708
35.575375
35.957905
36.922482
36.751457
35.591885
35.338051
36.621078
35.857327
34.199623
32.123299
32.775238
34.310177
34.397644
32.181263
27.576317
28.417982
26.524229
25.872116
24.507278
24.450775
24.599567
24.912888
25.639519
25.391459
26.493668
25.416155
26.394768
25.48984
24.837257
25.028814
23.488274
23.727959
25.149733
24.519165
25.816496
24.885553
21.880913
21.931368
21.797014
22.493073
22.368793
21.87114
24.940973
20.936518
20.008602
21.728666
21.029108
20.09693
20.471092
17.957882
16.285971
17.474718
18.899162
18.499714
18.569935
19.414476
18.29114
18.832108
19.001612
19.748346
18.730925
19.154341
19.420124
19.811661
21.460428
22.924376
22.047787
22.000259
20.373674
19.654757
18.862831
18.76895
19.792658
18.013552
18.133795
18.181719
17.891619
15.994716
16.694761
16.121754
18.445103
18.330242
19.161819
20.469505
19.58662
20.091869
19.036459
18.759176
19.038515
19.073872
19.893637
19.500952
19.925211
22.080378
22.33847
22.357967
22.188095
22.422499
21.759991
21.842216
21.550371
20.909435
21.645304
21.248335
20.548115
19.901276
19.685112
20.028181
19.52947
22.110125
23.253181
25.888412
24.752325
24.832003
25.768766
24.986889
23.433905
23.091124
22.193598
23.089565
22.272797
22.583254
23.188013
25.240547
23.029863
22.97772
23.44171
23.072145
23.373484
23.554272
22.247189
20.555563
20.800816
20.873411
21.182096
21.149673
20.147211
18.796627
19.668463
20.675182
21.05587
21.952026
22.54336
21.593502
20.356045
19.417818
18.960382
19.114946
19.07892
18.622414
18.160786
18.065159
17.368582
16.790213
16.499882
18.099651
18.22633
17.569374
17.227299
17.577772
17.981716
18.74165
17.974863
17.105614
18.511103
18.539133
17.795116
17.927252
18.29859
18.004047
18.36235
19.508429
20.687874
20.691051
20.672184
21.198053
21.281078
22.513937
22.669434
23.859947
23.524817
24.518406
25.073538
25.453936
25.865038
23.953085
23.654625
24.004766
24.945055
25.989799
25.087414
24.355276
23.304234
22.49984
21.558088
20.869081
21.378595
23.090252
21.903446
22.230154
23.346224
23.797428
24.24736
23.863525
22.852482
24.666895
25.531237
23.670027
23.756634
24.31325
25.075254
23.700531
22.33147
23.429131
22.770454
25.238823
26.218695
25.725376
23.379616
24.180391
24.422859
24.89028
23.575598
23.786201
23.40601
23.183117
24.452801
25.178663
24.236891
24.478582
24.382219
24.692549
25.27272
25.936823
29.427662
29.17556
28.978519
30.040701
29.491259
29.844894
30.081284
31.7658
35.232063
33.767223
33.186329
33.048401
33.729733
33.65406
32.346359
28.660616
29.106339
28.790525
30.007946
30.452417
30.003811
30.704655
31.023582
31.361156
30.142843
30.085981
30.712078
27.952503
28.81522
28.384201
20.733582
21.472492
22.58333
23.83885
22.770382
21.916134
20.959126
19.956615
20.206861
20.594934
20.356581
19.557653
19.018154
19.136431
19.494314
19.725443
20.835848
20.32638
19.493608
19.655668
18.131924
18.192686
18.695375
18.859472
16.651478
16.024549
16.648001
16.10004
17.701527
17.475784
17.776567
18.167652
17.01408
16.82053
16.161346
15.11073
15.524423
15.158035
14.500167
14.572904
14.265961
13.808122
13.302088
13.22755
13.277553
13.890861
14.1699
14.936302
15.023676
14.852889
14.244832
13.774582
12.777645
13.643978
14.81385
14.399071
13.234511
13.412448
13.455829
13.641191
14.605246
14.141597
13.430406
13.111258
13.386377
12.890225
12.341089
12.344777
11.838756
11.434937
12.24866
12.209091
12.138314
12.404099
12.179389
12.104112
12.079553
12.342769
12.686422
12.636359
12.357569
12.561643
12.304885
13.549633
13.79994
13.9884
14.227369
14.457419
14.592728
14.109506
13.878828
13.772606
13.719739
13.677189
13.501554
14.73781
14.6198
13.81953
13.58515
13.733806
12.995943
12.721201
12.084134
12.402188
12.174767
12.11839
12.037258
11.484868
11.715733
12.118824
12.058091
11.025457
10.864349
10.105734
9.915943
10.142554
9.895763
9.711348
8.299232
9.274422
9.227491
9.089488
9.048032
8.743785
8.6302
8.88818
9.146927
9.587682
9.285936
9.25941
9.138813
8.853689
8.896183
9.168454
9.120892
8.871543
8.356971
8.29506
9.497388
9.30442
8.95996
9.164551
9.030876
9.175148
9.17882
9.496273
9.383824
9.026197
8.906248
8.820453
9.250894
9.532015
9.549244
9.677625
9.720893
9.720721
9.935143
10.489087
10.196189
9.675531
9.470717
9.566223
9.204108
9.018503
9.548535
9.611779
9.671002
9.100454
8.787352
8.749664
8.595704
8.789219
8.909309
9.123949
8.751992
8.911928
8.984412
9.055031
8.906013
9.474906
9.055965
9.351434
9.404664
9.37684
9.033397
9.668938
9.307277
9.43299
9.727563
9.741256
9.341825
9.010206
9.279477
9.38675
9.348435
9.392235
9.396147
9.36588
9.465227
9.267021
9.173841
9.120579
9.088105
9.084211
9.180719
9.084866
9.170582
9.404042
9.612005
9.502644
9.89698
9.951961
10.231649
10.136426
9.835984
9.751031
9.896735
9.536875
9.290909
9.18
9.233906
9.098962
9.283246
9.441242
9.146642
9.384603
9.207113
9.30256
9.130167
9.037548
8.912849
8.815866
8.923661
8.91
8.905
8.905
8.895
8.895
8.885
8.885
8.885
8.885
8.89
8.89
8.875
8.875
8.88
8.885
8.88
8.875
8.875
8.875
8.875
8.875
8.875
8.865
8.885
8.885
8.885
8.885
8.885
8.885
8.885
8.885
8.87
8.87
8.865
8.855
8.855
8.865
8.86
8.865
8.865
8.865
8.855
8.85
8.85
8.845
8.845
8.85
8.85
8.855
8.855
8.845
8.835
8.815
8.82
8.82
8.82
8.82
8.83
8.825
8.825
8.825
8.825
8.825
8.81
8.81
8.805
8.805
8.805
8.815
8.815
8.815
8.815
8.815
8.815
8.815
8.815
8.815
8.825
8.825
8.815
8.815
8.815
8.815
8.815
8.815
8.825
8.815
8.815
8.815
8.815
8.815
8.82
8.82
8.82
8.835
8.82
8.82
8.82
8.82
8.82
8.83
8.84
8.84
8.84
8.84
8.84
8.84
8.85
8.85
8.845
8.845
8.845
8.845
8.845
8.845
8.845
8.855
8.85
8.85
8.85
8.86
8.86
8.855
8.855
8.855
8.855
8.85
8.855
8.855
8.855
8.855
8.855
8.855
8.855
8.855
8.855
8.835
8.835
8.835
8.845
8.845
8.85
8.85
8.845
8.845
8.845
8.835
8.835
8.835
8.825
8.825
8.825
8.825
8.83
8.835
8.835
8.835
8.835
8.835
8.835
8.835
8.835
8.85
8.855
8.845
8.845
8.85
8.845
8.845
8.845
8.855
8.855
8.845
8.85
8.85
8.85
8.835
8.84
8.845
8.84
8.84
8.84
8.845
8.845
8.845
8.855
8.855
8.84
8.835
8.83
8.82
8.83
8.83
8.83
8.83
8.83
8.83
8.825
8.815
8.82
8.82
8.82
8.82
8.82
8.825
8.825
8.825
8.825
8.815
8.805
8.805
8.805
8.805
8.805
8.815
8.81
8.795
8.795
8.795
8.8
8.8
8.8
8.805
8.815
8.815
8.815
8.82
8.825
8.825
8.825
8.825
8.815
8.825
8.825
8.825
8.825
8.825
8.825
8.825
8.83
8.83
8.835
8.845
8.845
8.845
8.845
8.85
8.85
8.86
8.86
8.86
8.86
8.855
8.855
8.855
8.855
8.85
8.85
8.855
8.855
8.865
8.865
8.865
8.86
8.86
8.86
8.855
8.855
8.86
8.865
8.865
8.865
8.865
8.865
8.865
8.86
8.86
8.865
8.865
8.865
8.865
8.845
8.845
8.845
8.845
8.845
8.86
8.91
8.925
8.92
8.92
8.92
8.92
8.905
8.895
8.895
8.895
8.89
8.89
8.905
8.905
8.905
8.93
8.935
8.94
8.94
8.945
8.935
8.935
8.935
8.935
8.935
8.93
8.93
8.935
8.92
8.915
8.905
8.905
8.9
8.9
8.91
8.92
8.92
8.92
8.925
8.92
8.925
8.93
8.925
8.905
8.91
8.895
8.9
8.9
8.9
8.905
8.895
8.895
8.895
8.895
8.875
8.885
8.885
8.885
8.885
8.875
8.865
8.875
8.87
8.875
8.875
8.885
8.885
8.885
8.885
8.885
8.895
8.895
8.875
8.865
8.875
8.865
8.855
8.86
8.865
8.87
8.87
8.87
8.87
8.87
8.87
8.87
8.87
8.87
8.87
8.87
8.88
8.88
8.87
8.865
8.875
8.88
8.875
8.86
8.86
8.86
8.86
8.86
8.855
8.85
8.86
8.86
8.865
8.87
8.86
8.86
8.865
8.865
8.87
8.87
8.88
8.87
8.87
8.87
8.87
8.87
8.845
8.83
8.825
8.82
8.815
8.815
8.81
8.805
8.78
8.79
8.79
8.795
8.8
8.83
8.815
8.815
8.795
8.795
8.795
8.795
8.215
8.24
8.24
