19240.0
19240.0
19160.0
19160.0
19160.0
19160.0
19160.0
19160.0
19160.0
19160.0
19160.0
19160.0
19160.0
19160.0
19160.0
19160.0
19160.0
19240.0
19200.0
19200.0
19200.0
19200.0
19160.0
19160.0
19200.0
19200.0
19200.0
19160.0
19160.0
19160.0
19160.0
19160.0
19160.0
19000.0
19500.0
19400.0
19400.0
19400.0
19400.0
19400.0
19900.0
19900.0
19400.0
19400.0
19400.0
19400.0
19400.0
19400.0
19400.0
19400.0
19400.0
19400.0
19400.0
19220.0
19220.0
19400.0
19320.0
19320.0
19400.0
19400.0
19400.0
19400.0
19400.0
19400.0
19900.0
19500.0
19480.0
19480.0
19480.0
19560.0
19500.0
19500.0
19500.0
19500.0
19500.0
19420.0
19420.0
19420.0
19420.0
19480.0
19520.0
19520.0
19520.0
19500.0
19500.0
19460.0
19460.0
19520.0
19520.0
19500.0
19500.0
19500.0
19500.0
19500.0
19500.0
19500.0
19800.0
19800.0
19800.0
19800.0
19800.0
19800.0
19800.0
19750.0
20000.0
20000.0
19600.0
20400.0
20400.0
20400.0
20400.0
20400.0
20400.0
20400.0
20400.0
20400.0
19700.0
19700.0
20060.0
19858.0
19858.0
20400.0
20400.0
20400.0
20400.0
20200.0
20180.0
20180.0
20180.0
20180.0
19932.0
19932.0
19932.0
20080.0
20200.0
20200.0
20260.0
20200.0
20200.0
20200.0
20200.0
20200.0
20300.0
20300.0
20400.0
20400.0
20500.0
20500.0
20400.0
20400.0
20400.0
20400.0
20520.0
20500.0
20520.0
20510.0
20700.0
21140.0
21000.0
20680.0
20694.0
20620.0
20460.0
20500.0
20500.0
20320.0
20340.0
20260.0
20320.0
20320.0
20372.0
20260.0
20300.0
20242.0
20234.0
20220.0
20240.0
20200.0
20200.0
20130.0
20280.0
20180.0
19880.0
20040.0
20064.0
20080.0
19946.0
19920.0
20000.0
20000.0
19992.0
20000.0
20080.0
20220.0
20200.0
20200.0
20100.0
20160.0
20080.0
20120.0
20040.0
20200.0
20200.0
20146.0
20100.0
20100.0
20152.0
20160.0
20160.0
20240.0
20260.0
20260.0
20178.0
20180.0
20200.0
20200.0
20200.0
20200.0
20260.0
20260.0
20180.0
20222.0
20160.0
20140.0
20100.0
20080.0
20114.0
20120.0
20300.0
20300.0
20320.0
20280.0
20280.0
20190.0
20280.0
20280.0
20280.0
20290.0
20250.0
20220.0
20280.0
20300.0
20280.0
20200.0
20222.0
20300.0
20278.0
20266.0
20278.0
20280.0
20290.0
20250.0
20184.0
20200.0
20204.0
20200.0
20210.0
20220.0
20280.0
20278.0
20260.0
20300.0
20280.0
20260.0
20300.0
20300.0
20300.0
20160.0
20300.0
20290.0
20220.0
20300.0
20300.0
20300.0
20194.0
20134.0
20156.0
20200.0
20200.0
20270.0
20262.0
20200.0
20220.0
20240.0
20222.0
20224.0
20240.0
20240.0
20240.0
20316.0
20348.0
20360.0
20360.0
20420.0
20320.0
20330.0
20320.0
20358.0
20374.0
20340.0
20380.0
20380.0
20340.0
20370.0
20372.0
20394.0
20380.0
20440.0
20440.0
20460.0
20424.0
20340.0
20394.0
20420.0
20360.0
20420.0
20380.0
20400.0
20378.0
20440.0
20600.0
20420.0
20440.0
20340.0
20350.0
20380.0
20372.0
21000.0
23980.0
29704.0
99600.0
73100.0
54100.0
46480.0
46400.0
41120.0
43400.0
43200.0
38500.0
36560.0
30020.0
28640.0
30210.0
29760.0
28960.0
28200.0
27580.0
26920.0
25780.0
27400.0
25880.0
25760.0
25120.0
26100.0
27340.0
23020.0
22740.0
23100.0
23280.0
21620.0
18400.0
19800.0
19840.0
19760.0
19560.0
19820.0
20040.0
19700.0
19800.0
19500.0
18240.0
17220.0
17240.0
18560.0
18960.0
17380.0
17400.0
17600.0
18520.0
18280.0
17840.0
16860.0
16660.0
16200.0
14720.0
15600.0
16480.0
17140.0
17320.0
17320.0
17040.0
17000.0
17580.0
17200.0
17100.0
17000.0
15980.0
15420.0
14160.0
14260.0
13000.0
11860.0
11480.0
12040.0
12800.0
12920.0
12460.0
12000.0
11480.0
11100.0
11440.0
11000.0
11480.0
11060.0
11580.0
11300.0
10880.0
11180.0
11320.0
11340.0
10420.0
10400.0
10120.0
10000.0
9800.0
9720.0
9640.0
9180.0
8300.0
8440.0
8480.0
8280.0
7800.0
7200.0
7600.0
11878.0
10420.0
10060.0
9500.0
10700.0
14480.0
12258.0
15520.0
14940.0
14920.0
18120.0
25000.0
23280.0
21080.0
20760.0
23580.0
23200.0
24000.0
24860.0
23360.0
21920.0
22000.0
22320.0
21580.0
20600.0
16800.0
15760.0
17580.0
16580.0
16140.0
16860.0
16940.0
16560.0
15840.0
15200.0
14300.0
14900.0
14180.0
14200.0
14480.0
18000.0
17220.0
17680.0
16200.0
17040.0
18700.0
17560.0
16820.0
17200.0
16720.0
15720.0
16240.0
15580.0
15500.0
15700.0
14640.0
15300.0
15700.0
15760.0
16580.0
14120.0
14180.0
13760.0
13920.0
14120.0
14560.0
14240.0
15340.0
15780.0
14540.0
15180.0
16540.0
14720.0
15200.0
14900.0
13820.0
8940.0
9800.0
12240.0
10160.0
10140.0
8320.0
9400.0
8000.0
8720.0
8060.0
8140.0
8520.0
10080.0
11940.0
10700.0
10040.0
10240.0
10840.0
10920.0
10700.0
12300.0
12700.0
14200.0
14480.0
15940.0
16140.0
15520.0
15400.0
15720.0
14420.0
14960.0
15460.0
16440.0
16480.0
18000.0
18100.0
17680.0
16700.0
14580.0
14420.0
14400.0
15000.0
15560.0
15740.0
15480.0
14900.0
14860.0
14140.0
14560.0
14900.0
15880.0
16140.0
16020.0
17940.0
20120.0
20660.0
20700.0
18560.0
19420.0
18660.0
18600.0
18460.0
18320.0
21680.0
20560.0
21600.0
20000.0
21320.0
22120.0
21480.0
19640.0
18000.0
18080.0
17100.0
16200.0
16280.0
18700.0
17820.0
17840.0
17600.0
17280.0
16420.0
16440.0
15300.0
14860.0
14540.0
15020.0
14320.0
14000.0
14840.0
14300.0
13900.0
13540.0
13180.0
12600.0
12440.0
12780.0
12680.0
13260.0
12860.0
12640.0
13060.0
13400.0
13360.0
13240.0
13320.0
13100.0
13000.0
12420.0
12100.0
11660.0
11660.0
11260.0
12400.0
12860.0
12400.0
11860.0
11860.0
12000.0
12340.0
12040.0
12400.0
12100.0
11260.0
10280.0
9760.0
9420.0
9220.0
9380.0
9220.0
9300.0
9140.0
8820.0
8980.0
8820.0
8440.0
8120.0
8060.0
7740.0
7280.0
7200.0
7140.0
7440.0
7280.0
7920.0
7920.0
7940.0
7880.0
7980.0
7990.0
8800.0
9340.0
9660.0
9340.0
8920.0
8860.0
8040.0
7440.0
7380.0
7300.0
7540.0
6900.0
5860.0
4800.0
4700.0
4760.0
4920.0
4780.0
4840.0
6200.0
8220.0
8660.0
7260.0
6260.0
5600.0
5780.0
5820.0
5680.0
5500.0
5500.0
6320.0
7160.0
7360.0
6900.0
7800.0
8580.0
7420.0
8100.0
8040.0
7640.0
7120.0
7320.0
6960.0
7560.0
7000.0
7060.0
7320.0
7560.0
7720.0
7500.0
7660.0
7700.0
7660.0
7200.0
7020.0
6820.0
6680.0
6480.0
6780.0
6940.0
8370.0
9860.0
11960.0
12240.0
11860.0
13200.0
13100.0
12680.0
12060.0
11860.0
11360.0
11480.0
10720.0
11220.0
10920.0
11060.0
11640.0
12400.0
14180.0
13640.0
13640.0
16320.0
17000.0
18100.0
18500.0
16160.0
15660.0
15120.0
13460.0
14280.0
14260.0
13620.0
12720.0
13040.0
11740.0
11060.0
11860.0
11720.0
10520.0
9160.0
9020.0
9560.0
11140.0
10400.0
11900.0
11600.0
11320.0
10460.0
11080.0
10660.0
10840.0
10060.0
9800.0
9720.0
10230.0
10200.0
9540.0
9360.0
9880.0
10220.0
9600.0
10360.0
9840.0
9600.0
9400.0
8960.0
8900.0
8700.0
8220.0
8660.0
8720.0
7580.0
7980.0
7620.0
7960.0
8320.0
8700.0
9000.0
8440.0
8440.0
8380.0
7740.0
7800.0
7280.0
7420.0
6800.0
7020.0
7200.0
6760.0
6880.0
7280.0
7120.0
6920.0
7300.0
7420.0
7140.0
7200.0
8600.0
8140.0
8760.0
8580.0
9020.0
8580.0
8340.0
8540.0
9060.0
9700.0
8800.0
9040.0
9600.0
8540.0
8680.0
8780.0
8360.0
8320.0
8340.0
8440.0
8600.0
8780.0
8720.0
8060.0
8060.0
8040.0
8120.0
7620.0
7640.0
7680.0
7760.0
7740.0
7800.0
7260.0
7620.0
7320.0
7220.0
7260.0
7560.0
7280.0
7280.0
7180.0
6700.0
7380.0
7240.0
6860.0
7080.0
6940.0
6600.0
7260.0
7000.0
7020.0
7140.0
7060.0
6960.0
6840.0
6720.0
6400.0
6480.0
6220.0
6340.0
6380.0
6620.0
6560.0
6480.0
6520.0
6560.0
6800.0
6760.0
6920.0
6720.0
7020.0
6760.0
6760.0
6680.0
6620.0
6300.0
6040.0
6060.0
5940.0
5680.0
6140.0
5980.0
6180.0
5980.0
6020.0
5620.0
5400.0
5640.0
5700.0
5400.0
5540.0
5440.0
5560.0
5400.0
5960.0
5680.0
5880.0
6020.0
5820.0
5760.0
6180.0
5920.0
5960.0
5680.0
5680.0
5580.0
5460.0
5540.0
5340.0
5700.0
5480.0
5540.0
5440.0
5180.0
5300.0
5600.0
5300.0
5280.0
5780.0
6520.0
6000.0
5900.0
5360.0
5160.0
4780.0
4900.0
4920.0
4700.0
4720.0
4640.0
4300.0
4440.0
4520.0
4400.0
4480.0
4540.0
4360.0
4260.0
4200.0
4080.0
4120.0
4040.0
3880.0
3900.0
4000.0
4300.0
4120.0
4040.0
3880.0
3560.0
3620.0
3500.0
3780.0
3600.0
3400.0
3380.0
3440.0
3480.0
3600.0
3480.0
3360.0
3240.0
3120.0
2960.0
2980.0
2900.0
2800.0
2820.0
2740.0
2540.0
2560.0
2740.0
2980.0
2700.0
2640.0
2820.0
2760.0
2840.0
3040.0
2900.0
2840.0
2700.0
2840.0
2840.0
2700.0
2540.0
2400.0
2080.0
2220.0
2160.0
2300.0
2240.0
2240.0
2240.0
2080.0
2020.0
2040.0
2140.0
2240.0
2160.0
2000.0
2020.0
2240.0
2180.0
2120.0
2280.0
2200.0
2300.0
2740.0
2660.0
2280.0
2420.0
2320.0
2280.0
2260.0
2220.0
2080.0
2120.0
2080.0
2020.0
1892.0
1896.0
1940.0
1832.0
1720.0
1746.0
1678.0
1566.0
1528.0
1492.0
1400.0
1330.0
1370.0
1360.0
1368.0
1338.0
1356.0
1314.0
1240.0
1072.0
920.0
814.0
826.0
884.0
920.0
874.0
808.0
870.0
800.0
788.0
766.0
780.0
818.0
846.0
800.0
822.0
816.0
852.0
840.0
840.0
878.0
880.0
814.0
766.0
736.0
720.0
660.0
652.0
698.0
648.0
744.0
720.0
680.0
610.0
588.0
276.0
302.0
328.0
326.0
324.0
340.0
312.0
306.0
296.0
360.0
340.0
344.0
320.0
336.0
338.0
304.0
320.0
284.0
286.0
282.0
292.0
280.0
280.0
290.0
308.0
298.0
324.0
304.0
316.0
320.0
308.0
326.0
310.0
304.0
284.0
266.0
246.0
250.0
254.0
274.0
254.0
254.0
238.0
308.0
250.0
242.0
224.0
222.0
224.0
236.0
240.0
260.0
330.0
278.0
260.0
238.0
240.0
226.0
224.0
210.0
204.0
200.0
206.0
188.0
180.0
188.0
206.0
194.0
228.0
202.0
190.0
188.0
192.0
186.0
186.0
190.0
202.0
184.0
190.0
194.0
190.0
198.0
202.0
202.0
198.0
200.0
210.0
198.0
196.0
202.0
158.0
137.0
133.0
134.0
142.0
133.0
128.0
116.0
115.0
108.0
102.0
99.0
89.5
91.5
87.300003
87.199997
86.0
94.5
106.0
98.800003
100.0
89.199997
87.300003
100.0
103.0
100.0
92.900002
88.900002
92.5
91.300003
82.699997
84.0
79.0
79.199997
73.5
71.599998
71.800003
69.0
71.5
73.0
80.5
86.0
91.099998
96.800003
99.0
165.0
162.0
170.0
157.0
153.0
139.0
154.0
151.0
169.0
178.0
122.0
108.0
110.0
109.0
112.0
106.0
104.0
96.0
85.0
93.0
82.0
88.5
88.0
94.0
95.0
100.0
96.800003
94.0
95.699997
93.0
90.699997
90.5
89.900002
92.699997
89.800003
90.900002
89.800003
92.0
88.0
86.0
80.099998
83.0
83.0
85.0
74.199997
78.0
77.5
78.0
78.0
78.800003
81.0
79.599998
80.900002
81.0
80.0
85.0
84.0
80.0
81.0
80.0
82.5
80.400002
80.699997
81.199997
81.800003
85.0
82.400002
81.0
78.099998
77.099998
75.099998
75.199997
76.5
75.0
78.0
75.599998
77.0
77.699997
77.0
78.300003
77.0
77.0
76.0
75.0
75.199997
73.0
76.0
73.5
73.0
76.0
80.0
77.599998
76.0
75.0
74.0
71.900002
70.0
71.0
69.099998
70.0
71.0
71.0
70.099998
71.0
70.0
70.0
69.0
68.900002
67.0
62.099998
63.799999
65.400002
62.299999
68.099998
70.0
61.0
60.5
62.0
58.0
56.5
55.0
57.0
59.0
60.0
66.400002
62.599998
60.299999
62.5
61.099998
61.0
60.099998
60.900002
58.0
56.200001
51.099998
53.200001
54.0
53.5
52.099998
51.0
50.200001
48.0
47.0
48.0
47.0
45.900002
46.5
47.0
44.0
39.0
38.599998
36.299999
33.5
35.0
32.200001
32.900002
32.0
30.0
30.0
35.700001
30.1
30.200001
28.200001
27.0
31.200001
38.5
34.0
28.1
29.0
24.700001
25.1
23.799999
23.0
21.9
22.1
18.0
18.5
17.4
18.9
22.0
22.4
22.0
20.5
20.4
21.0
20.0
19.6
20.0
25.5
24.5
28.0
26.700001
26.0
24.9
24.4
27.4
27.0
28.799999
30.6
30.6
33.099998
29.5
30.0
28.299999
27.6
27.0
26.1
26.0
24.799999
25.0
24.0
23.799999
24.1
24.700001
27.6
29.6
29.1
29.0
29.0
29.299999
28.4
29.9
28.5
29.799999
34.5
34.0
33.900002
34.799999
36.299999
36.0
33.200001
33.599998
35.0
31.1
29.799999
31.0
29.4
27.799999
32.0
34.599998
49.0
44.900002
43.5
38.5
39.799999
39.400002
37.299999
37.700001
35.0
34.200001
36.0
34.0
30.0
30.9
30.9
27.9
28.6
27.299999
28.5
33.599998
31.5
36.900002
36.0
35.0
32.5
27.0
26.5
24.9
22.9
31.4
28.549999
20.450001
13.5
12.3
9.005
9.45
11.8
12.3
11.85
11.65
12.6
13.0
13.75
13.05
11.55
10.0
9.75
9.6
8.9
8.5
7.85
8.9
8.55
7.8
7.45
7.58
6.95
6.7
7.35
7.4
7.45
6.9
6.85
7.45
7.3
6.2
6.5
6.45
6.45
7.5
8.9
8.6
8.25
7.35
7.4
7.0
6.75
6.95
6.8
6.95
6.6
6.95
7.5
8.15
7.6
7.25
7.4
7.75
7.75
7.55
7.35
8.0
7.75
8.25
8.2
8.7
8.225
8.15
8.0
8.4
7.95
7.5
6.9
6.575
6.5
6.15
6.15
6.1
6.2
6.1
6.0
7.2
6.35
6.95
6.65
6.7
6.25
6.5
6.4
6.25
6.2
5.7
5.6
5.6
5.7
5.55
5.95
6.05
6.25
6.2
6.05
5.7
5.55
5.6
5.6
5.55
5.8
5.55
5.45
5.45
5.4
5.31
5.1
4.875
4.55
4.59
4.745
4.635
4.4
4.305
3.7
2.855
3.41
3.25
3.49
3.45
3.465
3.85
3.655
3.62
4.095
4.15
3.75
3.83
3.705
3.875
3.825
3.87
3.565
3.525
3.355
3.085
3.01
2.9
2.225
2.09
2.25
2.25
2.255
2.59
2.615
2.6
2.55
2.625
2.51
2.71
2.825
2.775
3.06
3.65
3.405
3.2
3.1
2.92
2.9
2.88
2.715
2.7
2.65
2.69
2.815
2.825
3.27
3.11
3.335
3.325
3.15
2.97
2.985
3.06
3.555
3.74
3.45
3.135
2.665
2.595
2.825
3.315
3.275
3.155
4.3
4.15
3.815
3.425
3.25
3.375
3.665
3.34
3.275
3.435
3.455
3.19
3.13
3.5
3.475
3.37
3.415
3.4
3.245
2.945
2.885
2.975
2.935
2.775
2.545
2.385
1.915
2.305
2.23
2.135
2.145
2.225
2.27
2.015
2.005
1.995
2.07
2.1
2.015
1.885
2.26
1.985
2.215
2.165
2.18
2.175
2.08
2.03
1.9
1.86
1.73
1.7
1.655
1.64
1.575
1.495
1.52
1.49
1.505
1.46
1.49
1.45
1.465
1.55
1.76
1.67
1.735
1.66
1.555
1.455
1.35
1.475
1.44
1.395
1.355
1.355
1.31
1.195
1.17
0.955
1.06
0.97
0.97
1.035
1.08
0.99
0.965
0.99
0.97
0.965
0.915
0.875
0.93
0.825
0.85
0.795
0.88
0.785
0.735
0.705
0.675
0.73
0.75
0.785
0.795
0.785
0.71
0.775
0.715
0.88
1.025
1.185
1.475
1.435
1.345
1.18
1.33
1.4
1.65
1.91
1.9
2.04
2.6
7.1
6.4
3.755
5.35
6.95
6.65
6.45
6.1
6.6
6.35
5.75
5.5
4.97
6.0
5.35
5.6
5.85
5.3
5.55
5.85
5.7
5.4
5.15
4.69
5.0
4.615
4.265
4.28
4.0
4.265
4.105
4.215
4.075
4.405
4.505
5.85
6.55
6.55
6.9
6.55
7.35
7.1
6.75
6.4
6.8
6.65
6.3
6.1
6.35
6.2
6.0
6.05
5.4
5.35
5.0
5.4
5.25
6.05
6.05
5.95
5.75
6.4
6.45
7.0
6.85
7.05
6.35
6.45
5.8
5.75
5.95
6.4
7.0
6.2
6.05
8.6
7.7
6.9
8.04
6.41
7.4
8.34
9.31
8.87
8.28
7.89
7.075
7.73
7.7
7.48
7.11
7.24
6.94
6.99
6.69
6.58
6.62
6.74
7.2
7.23
6.98
7.15
6.8
6.83
6.55
5.95
6.03
5.76
5.59
5.03
4.74
5.09
4.87
4.49
5.05
5.62
5.96
5.68
5.48
5.15
5.09
4.92
4.64
4.79
4.54
4.64
4.89
4.91
4.93
4.74
4.86
5.05
5.07
4.73
4.58
4.43
4.39
4.3
4.2
4.24
3.58
2.19
2.39
2.42
2.23
2.02
2.05
1.94
1.83
1.78
1.65
1.65
1.65
1.59
1.78
1.95
1.86
1.88
1.89
1.81
1.72
1.7
1.78
2.02
1.97
1.91
1.91
1.83
1.82
1.87
1.76
1.68
1.64
1.56
1.57
1.56
1.53
1.51
1.59
1.56
1.54
1.51
1.43
1.35
1.28
1.145
1.31
1.26
1.2
1.15
1.15
1.13
1.09
1.04
1.02
1.0
0.975
1.02
1.05
1.08
1.02
1.02
1.03
1.15
1.17
1.09
1.1
1.16
1.13
1.05
1.04
1.04
1.06
1.03
1.02
0.947
0.965
0.949
0.983
0.913
0.86
0.79
0.924
0.918
0.909
0.885
0.872
0.964
0.942
0.952
0.99
1.03
1.1
1.13
1.3
1.26
1.24
1.34
1.26
1.24
1.21
1.17
1.14
1.15
1.21
1.17
1.23
1.25
1.16
1.19
1.19
1.14
1.12
1.17
1.11
1.03
1.02
1.11
1.13
1.11
1.08
1.07
1.05
1.13
1.1299999952316284
1.1299999952316284
1.1299999952316284
1.1299999952316284
1.1299999952316284
1.1299999952316284
1.1299999952316284
1.1299999952316284
1.1299999952316284
1.1299999952316284
1.1299999952316284
1.1299999952316284
1.1299999952316284
1.1299999952316284
1.1299999952316284
1.1299999952316284
1.1299999952316284
1.1299999952316284
1.1299999952316284
1.1299999952316284
1.1299999952316284
1.1299999952316284
1.1299999952316284
1.1299999952316284
1.1299999952316284
1.1299999952316284
1.1299999952316284
1.1299999952316284
1.1299999952316284
1.1299999952316284
1.1299999952316284
1.1299999952316284
1.1299999952316284
1.1299999952316284
1.1299999952316284
1.1299999952316284
1.1299999952316284
1.1299999952316284
1.1299999952316284
1.1299999952316284
1.1299999952316284
1.1299999952316284
1.1299999952316284
1.1299999952316284
1.1299999952316284
1.1299999952316284
1.1299999952316284
1.1299999952316284
1.1299999952316284
1.1299999952316284
1.1299999952316284
1.1299999952316284
1.1299999952316284
1.1299999952316284
1.1299999952316284
1.1299999952316284
1.1299999952316284
1.1299999952316284
1.1299999952316284
1.1299999952316284
1.1299999952316284
1.1299999952316284
1.1299999952316284
1.1299999952316284
1.1299999952316284
1.1299999952316284
1.1299999952316284
1.1299999952316284
1.1299999952316284
1.1299999952316284
1.1299999952316284
1.1299999952316284
1.1299999952316284
1.1299999952316284
1.1299999952316284
1.1299999952316284
1.1299999952316284
1.1299999952316284
1.1299999952316284
1.1299999952316284
1.1299999952316284
1.1299999952316284
1.1299999952316284
1.1299999952316284
1.1299999952316284
1.1299999952316284
1.1299999952316284
1.1299999952316284
1.1299999952316284
1.1299999952316284
1.1299999952316284
1.1299999952316284
1.1299999952316284
1.1299999952316284
1.1299999952316284
1.1299999952316284
1.1299999952316284
1.1299999952316284
1.1299999952316284
1.1299999952316284
1.1299999952316284
1.1299999952316284
1.1299999952316284
1.1299999952316284
1.1299999952316284
1.1299999952316284
1.1299999952316284
1.1299999952316284
1.1299999952316284
1.1299999952316284
1.1299999952316284
1.1299999952316284
1.1299999952316284
1.1299999952316284
1.1299999952316284
1.1299999952316284
1.1299999952316284
1.1299999952316284
1.1299999952316284
1.1299999952316284
1.1299999952316284
1.1299999952316284
1.1299999952316284
1.1299999952316284
1.1299999952316284
1.1299999952316284
1.1299999952316284
1.1299999952316284
1.1299999952316284
1.1299999952316284
1.1299999952316284
1.1299999952316284
1.1299999952316284
1.1299999952316284
1.1299999952316284
1.1299999952316284
1.1299999952316284
1.1299999952316284
1.1299999952316284
1.1299999952316284
1.1299999952316284
1.1299999952316284
1.1299999952316284
1.1299999952316284
1.1299999952316284
1.1299999952316284
1.1299999952316284
1.1299999952316284
1.1299999952316284
1.1299999952316284
1.1299999952316284
1.1299999952316284
1.1299999952316284
1.1299999952316284
1.1299999952316284
1.1299999952316284
1.1299999952316284
1.1299999952316284
1.1299999952316284
1.1299999952316284
1.1299999952316284
1.1299999952316284
1.1299999952316284
1.1299999952316284
1.1299999952316284
1.1299999952316284
1.1299999952316284
1.1299999952316284
1.1299999952316284
1.1299999952316284
1.1299999952316284
1.1299999952316284
1.1299999952316284
1.1299999952316284
1.1299999952316284
1.1299999952316284
1.1299999952316284
1.1299999952316284
1.1299999952316284
1.1299999952316284
1.1299999952316284
1.1299999952316284
1.1299999952316284
1.1299999952316284
1.1299999952316284
1.1299999952316284
1.1299999952316284
1.1299999952316284
1.1299999952316284
1.1299999952316284
1.1299999952316284
1.1299999952316284
1.1299999952316284
1.1299999952316284
1.1299999952316284
1.1299999952316284
1.1299999952316284
1.1299999952316284
1.1299999952316284
1.1299999952316284
1.1299999952316284
1.1299999952316284
1.1299999952316284
1.1299999952316284
1.1299999952316284
1.1299999952316284
1.1299999952316284
1.1299999952316284
1.1299999952316284
1.1299999952316284
1.1299999952316284
1.1299999952316284
1.1299999952316284
1.1299999952316284
1.1299999952316284
1.1299999952316284
1.1299999952316284
1.1299999952316284
1.1299999952316284
1.1299999952316284
1.1299999952316284
1.1299999952316284
1.1299999952316284
1.1299999952316284
1.1299999952316284
1.1299999952316284
1.1299999952316284
1.1299999952316284
1.1299999952316284
1.1299999952316284
1.1299999952316284
1.1299999952316284
1.1299999952316284
1.1299999952316284
1.1299999952316284
1.1299999952316284
1.1299999952316284
1.1299999952316284
1.1299999952316284
1.1299999952316284
1.1299999952316284
1.1299999952316284
1.1299999952316284
1.1299999952316284
1.1299999952316284
1.1299999952316284
1.1299999952316284
1.1299999952316284
1.1299999952316284
1.1299999952316284
1.1299999952316284
1.1299999952316284
1.1299999952316284
1.1299999952316284
1.1299999952316284
1.1299999952316284
1.1299999952316284
1.1299999952316284
1.1299999952316284
1.1299999952316284
1.1299999952316284
1.1299999952316284
1.1299999952316284
1.1299999952316284
1.1299999952316284
1.1299999952316284
1.1299999952316284
1.1299999952316284
1.1299999952316284
1.1299999952316284
1.1299999952316284
1.1299999952316284
1.1299999952316284
1.1299999952316284
1.1299999952316284
1.1299999952316284
1.1299999952316284
1.1299999952316284
1.1299999952316284
1.1299999952316284
1.1299999952316284
1.1299999952316284
1.1299999952316284
1.1299999952316284
1.1299999952316284
1.1299999952316284
1.0800000429153442
1.0800000429153442
1.0800000429153442
1.0800000429153442
1.0800000429153442
1.0800000429153442
1.0800000429153442
1.0800000429153442
1.0800000429153442
1.0800000429153442
1.0800000429153442
1.0800000429153442
1.0800000429153442
1.0800000429153442
1.0800000429153442
1.0800000429153442
1.0800000429153442
1.0800000429153442
1.0800000429153442
1.0800000429153442
1.0800000429153442
1.0800000429153442
1.0800000429153442
1.0800000429153442
1.0800000429153442
1.0800000429153442
1.0800000429153442
1.0800000429153442
1.0800000429153442
1.0800000429153442
1.0800000429153442
1.0800000429153442
1.0800000429153442
1.0800000429153442
1.0800000429153442
1.0800000429153442
1.0800000429153442
1.0800000429153442
1.0800000429153442
1.0800000429153442
1.0800000429153442
1.0800000429153442
1.0800000429153442
1.0800000429153442
1.0800000429153442
1.0800000429153442
1.0800000429153442
1.0800000429153442
1.0800000429153442
1.0800000429153442
1.0800000429153442
1.0800000429153442
1.0800000429153442
1.0800000429153442
1.0800000429153442
1.0800000429153442
1.0800000429153442
1.0800000429153442
1.0800000429153442
1.0800000429153442
1.0800000429153442
1.0800000429153442
1.0800000429153442
1.0800000429153442
1.0800000429153442
1.0800000429153442
1.0800000429153442
1.0800000429153442
1.0800000429153442
1.0800000429153442
1.0800000429153442
1.0800000429153442
1.0800000429153442
1.0800000429153442
1.0800000429153442
1.0800000429153442
1.0800000429153442
1.0800000429153442
1.0800000429153442
1.0800000429153442
1.0800000429153442
1.0800000429153442
1.0800000429153442
1.0800000429153442
1.0800000429153442
1.0800000429153442
1.0800000429153442
1.0800000429153442
1.0800000429153442
1.0800000429153442
1.0800000429153442
1.0800000429153442
1.0800000429153442
1.0800000429153442
1.0800000429153442
1.0800000429153442
1.0800000429153442
1.0800000429153442
1.0800000429153442
1.0800000429153442
1.0800000429153442
1.0800000429153442
1.0800000429153442
1.0800000429153442
1.0800000429153442
1.0800000429153442
1.0800000429153442
1.0800000429153442
1.0800000429153442
1.0800000429153442
1.0800000429153442
1.0800000429153442
1.0800000429153442
1.0800000429153442
1.0800000429153442
1.0800000429153442
1.0800000429153442
1.0800000429153442
1.0800000429153442
1.0800000429153442
1.0800000429153442
1.0800000429153442
1.0800000429153442
1.0800000429153442
1.0800000429153442
1.0800000429153442
1.0800000429153442
1.0800000429153442
1.0800000429153442
1.0800000429153442
1.0800000429153442
1.0800000429153442
1.0800000429153442
1.0800000429153442
1.0800000429153442
1.0800000429153442
1.0800000429153442
1.0800000429153442
1.0800000429153442
1.0800000429153442
0.9957000017166138
0.9957000017166138
0.9957000017166138
