0.217488
0.206483
0.21043
0.197339
0.203442
0.209825
0.212956
0.227107
0.226581
0.228627
0.231016
0.238759
0.233271
0.238859
0.242402
0.244642
0.252393
0.248818
0.253927
0.299152
0.243064
0.250878
0.255699
0.255492
0.252558
0.253571
0.246101
0.232544
0.222823
0.252125
0.244708
0.237333
0.251691
0.373541
0.471063
0.864263
0.756181
0.758642
0.728366
0.778407
0.791257
0.775964
1.19306
1.13828
1.17434
1.04395
1.12232
1.18949
1.39964
1.43088
2.2146
2.15902
2.30057
2.39103
2.4809
3.10537
3.19663
3.04871
3.09397
3.37781
2.45621
2.10178
1.97492
1.9508
2.04323
2.02135
1.86119
1.67673
1.17924
1.30634
1.59658
1.55205
1.57862
1.38004
1.35735
1.33707
1.35715
1.31223
1.21727
1.21911
1.3996
1.32397
1.13856
1.16239
0.96253
0.884784
0.924043
0.815703
0.691799
0.776393
0.723895
0.805263
0.954428
1.07074
1.00416
1.08101
1.02741
1.14162
1.14686
1.13803
1.20498
1.12046
1.14442
1.08946
1.01539
0.941788
0.998855
0.954402
0.943487
0.956859
0.947305
0.904583
0.928347
0.910144
0.907804
1.00554
0.959368
0.922887
0.87121
0.825857
0.849761
0.796627
0.831122
0.801048
0.789711
0.701902
0.697269
0.68926
0.637856
0.658777
0.74908
0.709808
0.693664
0.662743
0.643174
0.641265
0.641875
0.599463
0.577917
0.578002
0.511511
0.509565
0.512353
0.485081
0.500688
0.558044
0.501631
0.495801
0.476431
0.487867
0.500398
0.491855
0.491931
0.539506
0.628737
0.638087
0.632184
0.682534
0.663297
0.656933
0.708932
0.791976
0.924465
0.873103
0.869995
0.876657
0.934781
0.800607
0.852414
0.813885
0.863804
0.872778
0.837938
0.841407
0.859094
0.884466
0.895442
0.905103
0.871424
0.832641
0.81397
0.802043
0.758237
0.684948
0.696735
0.745748
0.740898
0.698588
0.714081
0.66731
0.680294
0.676713
0.700244
0.681587
0.645567
0.599594
0.631997
0.611001
0.612708
0.607881
0.552299
0.601241
0.605817
0.612622
0.623364
0.643451
0.671205
0.661425
0.677015
0.674797
0.678128
0.674343
0.659755
0.588126
0.604066
0.562933
0.534663
0.561306
0.537707
0.534784
0.528216
0.537495
0.549621
0.539286
0.534775
0.486947
0.491284
0.47738
0.481753
0.456001
0.47037
0.448458
0.45308
0.466245
0.461358
0.486122
0.485223
0.490043
0.481625
0.479151
0.492477
0.477749
0.47427
0.445042
0.450233
0.435364
0.438741
0.439271
0.445894
0.483401
0.505587
0.486389
0.476433
0.446994
0.45541
0.449311
0.445276
0.457623
0.459829
0.44992
0.453635
0.453667
0.453306
0.446107
0.435225
0.445852
0.430254
0.440571
0.428507
0.433638
0.414081
0.381006
0.331944
0.346771
0.320426
0.301262
0.29787
0.277466
0.274272
0.282005
0.292436
0.366676
0.3271
0.343978
0.319283
0.335177
0.319803
0.327709
0.327606
0.32823
0.323776
0.336903
0.351837
0.344803
0.335444
0.335332
0.347721
0.342523
0.335961
0.331652
0.283601
0.30271
0.291435
0.279333
0.27868
0.270321
0.26371
0.270087
0.280583
0.277159
0.282008
0.281166
0.272251
0.32186
0.326053
0.449918
0.561462
0.570798
0.570689
0.494712
0.526941
0.516308
0.541381
0.539112
0.571228
0.581572
0.576461
0.520837
0.528162
0.526606
0.519026
0.488082
0.482039
0.489751
0.479857
0.462387
0.38313
0.419115
0.418878
0.403286
0.447316
0.470253
0.468197
0.457725
0.454178
0.459151
0.456694
0.453109
0.462058
0.457237
0.458052
0.459288
0.456348
0.462406
0.441514
0.444759
0.448382
0.455722
0.458685
0.455667
0.462691
0.497412
0.54908
0.535707
0.493508
0.500668
0.506698
0.505913
0.517165
0.510112
0.474372
0.481708
0.471609
0.491654
0.510473
0.478166
0.434726
0.447651
0.42608
0.407428
0.375336
0.374551
0.355451
0.360163
0.390557
0.379562
0.362455
0.372906
0.367627
0.348754
0.352231
0.338242
0.310936
0.301997
0.307269
0.31337
0.303766
0.301345
0.307323
0.300026
0.28879
0.285883
0.287929
0.328453
0.350162
0.351956
0.378199
0.35857
0.362308
0.37127
0.406799
0.380872
0.378693
0.341162
0.376852
0.367252
0.369581
0.352706
0.364771
0.375243
0.360224
0.356747
0.355275
0.368395
0.364347
0.365315
0.37089
0.332652
0.332904
0.3288
0.317863
0.333766
0.327179
0.329701
0.329353
0.324277
0.331001
0.321177
0.32079
0.319491
0.316492
0.317598
0.317165
0.314235
0.309439
0.294863
0.289558
0.320461
0.310036
0.308517
0.310912
0.302352
0.300198
0.299239
0.290727
0.291618
0.311683
0.311284
0.309909
0.302741
0.30519
0.304284
0.301909
0.301759
0.301703
0.30337
0.321568
0.323768
0.33288
0.321291
0.321904
0.33262
0.301443
0.32851
0.319477
0.313106
0.315078
0.317312
0.315126
0.312554
0.305133
0.316507
0.317031
0.314766
0.310087
0.313826
0.313107
0.311065
0.310201
0.314098
0.312955
0.315052
0.320468
0.317612
0.31744
0.319281
0.31961
0.312718
0.311541
0.312359
0.308992
0.304055
0.30506
0.312465
0.309246
0.307929
0.310632
0.309229
0.312747
0.351499
0.342234
0.332513
0.361803
0.354405
0.359856
0.358234
0.349462
0.354792
0.330984
0.326346
0.326031
0.328809
0.320913
0.327218
0.335453
0.337065
0.331902
0.328476
0.322449
0.323934
0.321222
0.302318
0.289384
0.298502
0.296741
0.297426
0.294289
0.309476
0.304696
0.303239
0.308222
0.304552
0.302342
0.302389
0.299684
0.300721
0.296509
0.300387
0.324543
0.310074
0.325475
0.409062
0.456005
0.419707
0.386193
0.372736
0.4177
0.398003
0.397603
0.376637
0.381204
0.384541
0.38704
0.408413
0.434168
0.446549
0.443713
0.422395
0.438574
0.430583
0.444785
0.425764
0.400667
0.402732
0.41954
0.42313
0.412411
0.388266
0.400427
0.394261
0.40176
0.400887
0.405921
0.410419
0.427516
0.44808
0.428761
0.436817
0.429823
0.443188
0.474764
0.468291
0.470088
0.468229
0.467451
0.408754
0.427315
0.429378
0.396411
0.406862
0.400204
0.408532
0.388719
0.378964
0.389055
0.397047
0.401533
0.394168
0.363775
0.330335
0.344118
0.332179
0.306426
0.31531
0.296726
0.310613
0.323176
0.320605
0.333209
0.331309
0.322106
0.309926
0.315947
0.31481
0.32353
0.310528
0.312288
0.310658
0.31847
0.320909
0.317906
0.312394
0.316757
0.319842
0.323564
0.311326
0.311969
0.307661
0.297343
0.298721
0.301915
0.300322
0.296639
0.263343
0.264882
0.261971
0.265721
0.282646
0.283328
0.275806
0.266261
0.270944
0.276545
0.272553
0.270088
0.270788
0.269618
0.25745
0.257045
0.256218
0.259204
0.258054
0.26082
0.263139
0.259905
0.256346
0.25234
0.260687
0.263084
0.259562
0.258671
0.255956
0.254811
0.255551
0.261167
0.261628
0.260952
0.285013
0.313776
0.302441
0.29447
0.289443
0.278931
0.268675
0.235226
0.246441
0.243784
0.244021
0.242571
0.241388
0.255933
0.249565
0.253539
0.24786
0.253935
0.253457
0.257705
0.275685
0.278459
0.281627
0.272073
0.271099
0.273191
0.277765
0.296523
0.288702
0.28464
0.302315
0.295005
0.293022
0.294179
0.292979
0.291607
0.274143
0.278491
0.298165
0.293699
0.2981
0.296007
0.301956
0.296555
0.296358
0.292642
0.296263
0.291261
0.299937
0.301255
0.310086
0.292431
0.276953
0.280196
0.280204
0.275086
0.272418
0.273036
0.270391
0.261654
0.263886
0.265253
0.255653
0.2565
0.251364
0.243766
0.2316
0.236188
0.223184
0.218622
0.222145
0.225081
0.22457
0.230217
0.226474
0.225333
0.219581
0.21987
0.216348
0.222928
0.225505
0.228445
0.230435
0.225452
0.224302
0.222053
0.219859
0.220755
0.217356
0.218601
0.207225
0.183699
0.196176
0.190819
0.195316
0.194082
0.196978
0.190943
0.192198
0.190719
0.190394
0.191102
0.193222
0.197051
0.194474
0.192894
0.192667
0.188043
0.193521
0.194355
0.195537
0.22151
0.213917
0.209026
0.204899
0.212306
0.211851
0.215633
0.212617
0.234687
0.232895
0.228574
0.238776
0.243286
0.235585
0.233296
0.237166
0.236056
0.226104
0.223041
0.220427
0.230686
0.231222
0.238488
0.23573
0.243642
0.239233
0.241455
0.250734
0.254627
0.266808
0.277468
0.282214
0.279284
0.277243
0.282457
0.27408
0.280141
0.304393
0.326706
0.334822
0.306236
0.295034
0.286572
0.297913
0.277602
0.272396
0.274938
0.275901
0.282711
0.270627
0.253412
0.230851
0.237116
0.236296
0.231193
0.228846
0.238747
0.234381
0.23453
0.239582
0.244088
0.237071
0.206904
0.209181
0.212235
0.208096
0.139635
0.159352
0.147292
0.153902
0.141063
0.144524
0.1431
0.165037
0.156868
0.158179
0.150214
0.157419
0.162255
0.161633
0.175019
0.176195
0.175783
0.163829
0.172171
0.174563
0.175323
0.17864
0.179467
0.181732
0.179406
0.195506
0.192093
0.200869
0.198257
0.187464
0.188063
0.190135
0.187732
0.185335
0.18127
0.190104
0.190202
0.194925
0.190859
0.18349
0.184328
0.18797
0.191711
0.193665
0.195054
0.196805
0.197978
0.215484
0.227432
0.212761
0.219248
0.223914
0.219414
0.218963
0.216463
0.21521
0.218917
0.219827
0.216902
0.198176
0.194064
0.197637
0.20148
0.203129
0.198911
0.200032
0.201255
0.205176
0.204028
0.201707
0.195509
0.200343
0.198856
0.195431
0.197327
0.193975
0.197857
0.200595
0.198348
0.20622
0.202906
0.210249
0.202764
0.203663
0.204982
0.204092
0.203142
0.203449
0.203771
0.202013
0.202938
0.19018
0.193943
0.193106
0.191617
0.193074
0.191307
0.193443
0.190957
0.18679
0.1885
0.18561
0.189272
0.18868
0.184272
0.18357
0.182671
0.176851
0.177692
0.177959
0.17587
0.176976
0.177244
0.176336
0.177984
0.177017
0.188567
0.184787
0.204692
0.20291
0.198652
0.201197
0.200538
0.198575
0.198809
0.197111
0.194048
0.194281
0.199341
0.199135
0.195065
0.198988
0.203342
0.207578
0.204049
0.214102
0.214982
0.223672
0.230277
0.243099
0.244522
0.258904
0.289529
0.287062
0.30994
0.300493
0.303311
0.303584
0.294664
0.294022
0.288653
0.294659
0.284449
0.28493
0.297807
0.300371
0.299661
0.303492
0.314767
0.303307
0.290246
0.292573
0.280682
0.286546
0.285386
0.289215
0.277927
0.277491
0.264511
0.272046
0.274497
0.283034
0.281766
0.295696
0.276461
0.24658
0.255883
0.237692
0.240731
0.242174
0.236753
0.239609
0.24353
0.243292
0.247814
0.241801
0.246327
0.24385
0.247847
0.252194
0.250707
0.251716
0.246743
0.232138
0.233417
0.221221
0.232905
0.241922
0.24216
0.242755
0.241862
0.243177
0.241784
0.238249
0.234117
0.232938
0.247685
0.250816
0.245341
0.248539
0.251454
0.253491
0.25429
0.255719
0.256446
0.256323
0.249448
0.24594
0.240443
0.240931
0.242225
0.245964
0.243573
0.251615
0.256807
0.254879
0.256431
0.253213
0.248688
0.252899
0.245865
0.242295
0.239184
0.239744
0.239797
0.235421
0.23951
0.237793
0.245776
0.258445
0.249582
0.253939
0.250748
0.253911
0.256259
0.254903
0.265191
0.268342
0.269642
0.28552
0.302408
0.294222
0.303766
0.328068
0.458344
0.4437
0.61398
0.692103
0.635483
0.533019
0.559268
0.625622
0.606246
0.664337
0.612923
0.629893
0.631483
0.557262
0.584421
0.619851
0.608934
0.558836
0.58359
0.572954
0.546483
0.506401
0.511464
0.497712
0.46971
0.568628
0.576677
0.58428
0.579163
0.556058
0.516944
0.448448
0.258602
0.337819
0.318091
0.294713
0.283039
0.247958
0.220962
0.211828
0.219846
0.237444
0.221655
0.225848
0.236677
0.22675
0.250895
0.326002
0.32323
0.326916
0.318336
0.288905
0.292123
0.30558
0.295438
0.280406
0.280188
0.277384
0.284769
0.294314
0.296518
0.268946
0.272799
0.271821
0.273509
0.269089
0.268827
0.251943
0.264122
0.282188
0.440244
0.492314
0.371509
0.36927
0.39349
0.446449
0.450047
0.439096
0.417958
0.447702
0.471991
0.503445
0.524787
0.608592
0.628996
0.594193
0.548915
0.520846
0.535537
0.532433
0.567019
0.517512
0.54856
0.571741
0.473563
0.471832
0.434524
0.4279
0.437809
0.414953
0.447244
0.436837
0.450279
0.486605
0.458119
0.465106
0.466867
0.473597
0.485988
0.463166
0.45296
0.441131
0.459924
0.442112
0.437555
0.4626
0.472417
0.472919
0.471171
0.526991
0.519835
0.549942
0.556595
0.488837
0.517498
0.567055
0.550443
0.550756
0.567871
0.566859
0.573869
0.579292
0.616569
0.590915
0.646729
0.920473
1.096266
0.917576
1.052756
1.020837
1.374416
1.36053
1.467735
1.794001
1.839236
1.766067
1.557527
1.560055
1.405998
1.315044
1.383299
1.296498
1.159682
1.16966
1.048706
1.032256
1.368506
1.400955
1.358601
1.39936
1.591674
1.651025
1.562641
1.555995
1.392376
1.614512
1.600581
1.581755
1.562598
1.535293
1.389006
1.477682
1.247864
1.35891
1.402917
1.48588
1.452606
1.4963
1.590734
1.070313
1.185537
1.006976
0.906317
0.797015
0.992835
0.976187
1.033725
0.970235
0.900148
0.831788
0.906609
1.046584
1.011001
1.0244
1.045321
0.970196
0.923286
0.945286
0.861155
0.875788
0.920034
0.869182
0.84845
0.832683
0.88316
0.892897
0.8898
0.831908
0.841438
0.797648
0.761673
0.776377
0.610388
0.545067
0.626535
0.672
0.613323
0.615435
0.646923
0.643746
0.701725
0.706374
0.66118
0.656763
0.672888
0.694945
0.6543
0.665402
0.651575
0.623058
0.636804
0.625463
0.635935
0.630178
0.619523
0.620324
0.596941
0.590774
0.582428
0.587922
0.557556
0.529336
0.569998
0.592206
0.609224
0.609827
0.606357
0.625618
0.644604
0.725445
0.748017
0.752119
0.747786
0.725922
0.73922
0.712729
0.730488
0.733151
0.746513
0.816281
0.778739
0.818553
0.851247
1.012524
0.964549
1.08996
1.280412
1.28816
1.190993
1.098199
1.146097
1.232842
1.263222
1.216473
1.227722
1.24727
1.137352
1.172529
1.075266
1.188473
1.145505
1.140832
1.101435
1.187593
1.234889
1.256324
1.291435
1.255779
1.305498
1.389413
1.125099
1.10072
1.089401
1.057267
1.079906
1.119636
1.064678
1.096574
1.121353
1.091498
1.065598
1.075668
1.048428
0.917152
0.876329
1.004076
1.00204
0.945924
0.941342
0.944721
0.923685
0.893689
0.928349
0.952636
1.042624
1.038675
1.05517
1.043004
1.085503
1.077656
1.068026
1.062891
1.159926
1.138453
1.137888
1.101859
1.128392
1.132316
1.14055
1.135096
1.093468
1.083842
1.09208
1.142328
1.089315
1.088374
1.094497
1.084283
1.095158
1.108093
0.995452
1.05882
1.081503
1.083949
1.113247
1.092867
1.136196
1.208796
1.202003
1.161533
1.152454
1.217534
1.282377
1.25893
1.193373
1.218364
1.189355
1.191938
1.188597
1.171371
1.090934
1.096291
1.041954
1.091492
1.097646
1.060173
1.036622
1.067057
1.042075
1.031888
0.93635
0.947158
0.968751
0.991961
0.998754
0.99093
0.972312
0.922244
0.847029
0.805595
0.828288
0.818588
0.863307
0.861272
0.801097
0.839313
0.841324
0.782894
0.796249
0.827431
0.80623
0.799291
0.827379
0.835033
0.879828
0.947646
0.954699
0.993285
0.912047
0.924819
0.92118
0.926184
0.85296
0.816714
0.839649
0.831163
0.849472
0.859118
0.832885
0.824673
0.774358
0.781346
0.763074
0.747688
0.754505
0.739335
0.770554
0.799548
0.768328
0.774297
0.781423
0.778954
0.762742
0.752631
0.739749
0.719421
0.635738
0.596042
0.628756
0.612139
0.617563
0.622072
0.60877
0.612512
0.616935
0.603181
0.619149
0.629233
0.601483
0.607684
0.655877
0.667127
0.683647
0.827819
0.878194
0.870627
0.83001
0.760226
0.822408
0.810273
0.802218
0.852333
0.839036
0.767173
0.78589
0.822528
0.778296
0.703466
0.722833
0.698746
0.696272
0.768903
0.750973
0.721992
0.782044
0.784862
0.768496
0.752185
0.712672
0.7549
0.725994
0.723287
0.720977
0.767236
0.737465
0.802155
0.786587
0.761351
0.774656
0.766783
0.793538
0.793503
0.798266
0.819373
0.806121
0.838152
0.837097
0.837887
0.842968
0.825127
0.832772
0.857343
0.863304
0.858
0.860814
0.814564
0.82774
0.824919
0.84295
0.827251
0.817642
0.761314
0.788
0.754056
0.763585
0.756614
0.695023
0.716614
0.72385
0.726819
0.785675
0.781841
0.753154
0.768017
0.775063
0.752178
0.733178
0.719194
0.707705
0.698739
0.694426
0.641699
0.652318
0.644363
0.611407
0.587091
0.607844
0.614269
0.604849
0.646474
0.598886
0.60257
0.582347
0.566527
0.49294
0.513626
0.413376
0.385206
0.423417
0.427774
0.447371
0.422499
0.437623
0.406166
0.419976
0.411137
0.414673
0.422337
0.404671
0.408713
0.405785
0.39317
0.381787
0.386323
0.389016
0.418175
0.421867
0.398085
0.405302
0.390766
0.392309
0.39538
0.403011
0.407702
0.400648
0.400324
0.381736
0.359025
0.34549
0.310802
0.322143
0.343703
0.312056
0.321381
0.30809
0.326053
0.323346
0.328626
0.322585
0.335531
0.367587
0.367556
0.358864
0.353235
0.337329
0.328978
0.331448
0.313677
0.315579
0.321703
0.32879
0.325423
0.332272
0.342151
0.341628
0.344952
0.325663
0.314297
0.311659
0.32373
0.333221
0.334535
0.350861
0.343412
0.366177
0.373225
0.360484
0.367036
0.358604
0.359541
0.35926
0.337315
0.337816
0.359118
0.373376
0.368675
0.387764
0.380458
0.379976
0.372021
0.369852
0.371351
0.376595
0.371571
0.372506
0.378754
0.368101
0.381065
0.380563
0.379995
0.377964
0.376451
0.375774
0.377237
0.379707
0.370965
0.335049
0.337541
0.345302
0.344721
0.347092
0.346145
0.349497
0.33837
0.335347
0.323095
0.333797
0.326869
0.32787
0.333194
0.331259
0.329969
0.331799
0.33296
0.322208
0.337367
0.340245
0.357517
0.357681
0.355119
0.359445
0.333692
0.342082
0.326335
0.356688
0.377004
0.358323
0.387073
0.415183
0.396828
0.485101
0.507171
0.488716
0.492627
0.467678
0.448776
0.450672
0.485417
0.479774
0.47511
0.44885
0.462879
0.480174
0.489683
0.493184
0.518278
0.517113
0.534061
0.497014
0.485397
0.48837
0.480812
0.488966
0.481507
0.47701
0.479918
0.465977
0.451227
0.448084
0.461098
0.46547
0.469033
0.453821
0.461544
0.469376
0.462407
0.473981
0.470416
0.458455
0.465915
0.464577
0.450874
0.455135
0.504404
0.49333
0.47067
0.465857
0.406242
0.333181
0.395705
0.384159
0.363677
0.340296
0.376406
0.388521
0.376301
0.382544
0.383063
0.384699
0.361945
0.364799
0.376061
0.381581
0.401992
0.408412
0.396629
0.396821
0.390318
0.398549
0.408743
0.396708
0.396273
0.388147
0.390735
0.389584
0.392094
0.383721
0.394545
0.389153
0.386698
0.381749
0.387394
0.395102
0.386414
0.378237
0.351988
0.35481
0.35027
0.33887
0.349373
0.34602
0.3496
0.354273
0.352179
0.346392
0.365723
0.368126
0.356531
0.342846
0.345017
0.339929
0.338763
0.348556
0.343824
0.347794
0.338039
0.344645
0.344268
0.345358
0.34934
0.351241
0.374158
0.375197
0.385804
0.395443
0.384881
0.386576
0.387711
0.379452
0.393785
0.413344
0.403533
0.400967
0.424943
0.407707
0.417693
0.410103
0.412791
0.408134
0.413764
0.394591
0.406389
0.413892
0.409747
0.412205
0.411305
0.398937
0.392824
0.403904
0.398052
0.382466
0.382645
0.384008
0.375282
0.371675
0.382407
0.401352
0.385157
0.395302
0.39463
0.386317
0.398525
0.391905
0.395586
0.38913
0.378477
0.378085
0.378041
0.379115
0.37715
0.383879
0.37758
0.377671
0.373813
0.367194
0.370471
0.380548
0.389188
0.37213
0.370622
0.366832
0.373318
0.373786
0.374279
0.360558
0.366025
0.380382
0.374433
0.388465
0.374628
0.46971
0.42248
0.44485
0.425902
0.444716
0.448817
0.479991
0.515058
0.543577
0.534249
0.538492
0.514741
0.518953
0.49696
0.503479
0.506235
0.503298
0.513736
0.505716
0.505834
0.518318
0.517518
0.506115
0.513292
0.523993
0.520444
0.521392
0.511127
0.532264
0.491599
0.474858
0.449396
0.472661
0.465016
0.461273
0.469995
0.462037
0.466868
0.480271
0.478409
0.472332
0.464966
0.464951
0.463494
0.461573
0.4678
0.459549
0.450364
0.428915
0.429888
0.430873
0.421879
0.430718
0.424903
0.42586
0.427562
0.441422
0.448589
0.460299
0.467982
0.469081
0.45755
0.461601
0.46543
0.453609
0.453734
0.46914
0.472245
0.482889
0.494151
0.521938
0.517386
0.507317
0.525387
0.519351
0.535911
0.510394
0.530464
0.519628
0.524546
0.537917
0.508199
0.521221
0.525721
0.520086
0.48022
0.480118
0.475743
0.47979
0.487573
0.493395
0.49287
0.500695
0.494975
0.496566
0.487313
0.490277
0.479332
0.48384
0.465222
0.474722
0.474037
0.473522
0.484493
0.489547
0.487842
0.478272
0.463739
0.468765
0.470644
0.46855
0.477664
0.475719
0.471105
0.815365
0.719157
0.713279
0.74686
0.739205
0.77954
0.820694
0.794058
0.772502
0.733287
0.738683
0.702765
0.7096
0.715799
0.713646
0.712568
0.712739
0.705136
0.698521
0.707211
0.685195
0.664135
0.635539
0.628423
0.623087
0.621931
0.642406
0.643365
0.632986
0.631675
0.627205
0.626102
0.634282
0.609599
0.588328
0.507142
0.5061
0.519629
0.539547
0.524538
0.52093
0.529902
0.518413
0.526246
0.52347
0.523844
0.523248
0.540065
0.528194
0.510799
0.498075
0.499091
0.505049
0.508375
0.505411
0.503243
0.504857
0.50485
0.503855
0.497814
0.474374
0.480738
0.483775
0.489457
0.500875
0.49988
0.493041
0.503203
0.514151
0.521355
0.507179
0.51251
0.508034
0.502388
0.505461
0.501708
0.499597
0.509525
0.521719
0.515405
0.524204
0.512832
0.538387
0.532931
0.523366
0.526193
0.521906
0.517961
0.503227
0.497436
0.488838
0.48305
0.485699
0.486775
0.487846
0.497977
0.491694
0.488319
0.520127
0.516004
0.521243
0.522487
0.54687
0.558532
0.555306
0.553683
0.546107
0.545391
0.556394
0.578944
0.600282
0.609538
0.606439
0.613002
0.616184
0.661147
0.715517
0.686402
0.688076
0.667475
0.660575
0.662735
0.661536
0.671524
0.629673
0.649648
0.612168
0.613717
0.611189
0.627499
0.612842
0.580462
0.611899
0.620242
0.621881
0.623444
0.616819
0.604153
0.611422
0.609358
0.606358
0.612915
0.620976
0.623723
0.624374
0.621997
0.640333
0.643632
0.673138
0.658814
0.661578
0.620211
0.619549
0.628486
0.632432
0.615492
0.619835
0.610418
0.61253
0.605456
0.617319
0.62391
0.625402
0.620205
0.613518
0.646337
0.622369
0.634856
0.634998
0.623402
0.621844
0.614941
0.630082
0.625363
0.58258
0.588226
0.576486
0.568512
0.551741
0.577923
0.566633
0.599989
0.602095
0.570299
0.575078
0.576233
0.57592
0.575947
0.567973
0.551907
0.544256
0.553126
0.546111
0.526716
0.517737
0.517988
0.513606
0.532189
0.53026
0.524094
0.53509
0.510698
0.503193
0.505859
0.510412
0.518939
0.503288
0.506244
0.505153
0.513789
0.514529
0.526031
0.524112
0.526084
0.531897
0.524835
0.538401
0.562755
0.56496
0.549886
0.556903
0.562597
0.562922
0.549004
0.540914
0.534534
0.545118
0.542425
0.551405
0.586258
0.575811
0.586325
0.60189
0.644851
0.627072
0.650133
0.592901
0.612253
0.628624
0.621955
0.621805
0.608432
0.718036
0.688209
0.69095
0.669967
0.633737
0.60306
0.619232
0.647565
0.584441
0.612162
0.640691
0.610949
0.617596
0.63295
0.641034
0.632253
0.611964
0.624554
0.63075
0.621836
0.629225
0.611258
0.585466
0.574917
0.593656
0.587523
0.59334
0.594834
0.61549
0.613817
0.617561
0.60888
0.548414
0.480819
0.504258
0.497731
0.496695
0.494841
0.502983
0.503786
0.529293
0.52468
0.556833
0.545159
0.527404
0.525512
0.526112
0.517775
0.510377
0.515432
0.500065
0.517
0.518329
0.531894
0.530405
0.529784
0.540547
0.524744
0.51723
0.521029
0.502338
0.505975
0.499475
0.504902
0.499887
0.519004
0.515698
0.523804
0.52139
0.509661
0.537333
0.536983
0.52651
0.528286
0.535753
0.541809
0.528211
0.533772
0.528235
0.523248
0.518861
0.5178
0.518313
0.513482
0.5201
0.525765
0.525711
0.521578
0.498951
0.493145
0.498583
0.496628
0.48032
0.49154
0.477005
0.474275
0.490691
0.488832
0.50516
0.490948
0.493241
0.488716
0.488956
0.486621
0.479489
0.474143
0.475685
0.4696
0.474655
0.470885
0.471994
0.475483
0.476641
0.48452
0.46676
0.433574
0.425492
0.449053
0.419823
0.43148
0.435916
0.439038
0.449041
0.47473
0.526329
0.522863
0.537878
0.579376
0.626486
0.569574
0.573752
0.594651
0.597467
0.607637
0.597457
0.618843
0.599816
0.604068
0.596795
0.601947
0.602086
0.627877
0.623939
0.596464
0.560771
0.556391
0.523396
0.489466
0.505697
0.60081
0.617577
0.581153
0.585579
0.552932
0.568768
0.576399
0.569192
0.560955
0.564516
0.566319
0.563875
0.598606
0.594428
0.600275
0.597601
0.611239
0.61311
0.600184
0.58747
0.567554
0.56985
0.562055
0.567031
0.566313
0.54799
0.567587
0.557391
0.558176
0.544196
0.521347
0.525092
0.529291
0.539638
0.541078
0.535312
0.562576
0.573149
0.596199
0.570975
0.585407
0.584502
0.585251
0.587371
0.585171
0.598141
0.587621
0.585065
0.591544
0.583541
0.590421
0.588927
0.614801
0.641947
0.611492
0.59753
0.539831
0.521953
0.534341
0.529496
0.533592
0.529934
0.530868
0.524332
0.529977
0.538297
0.53956
0.53154
0.548021
0.541452
0.548045
0.543658
0.546541
0.544257
0.547652
0.544863
0.533379
0.525211
0.531761
0.501919
0.512761
0.516381
0.519227
0.527916
0.522974
0.509237
0.512868
0.50985
0.502931
0.503226
0.514029
0.542427
0.554732
0.554079
0.559487
0.589382
0.620467
0.707699
0.690288
0.773007
0.892091
1.11909
1.054335
1.117936
1.101947
1.102301
1.250352
1.469019
1.469008
1.432411
1.415423
1.401323
1.472812
1.541343
1.796731
1.944121
2.320223
2.713805
2.525527
2.354444
2.295206
2.424737
2.616624
2.608348
2.218952
2.36916
2.40007
2.34277
2.421319
2.398705
2.44695
2.488658
2.56519
2.303318
2.248891
2.276886
2.238112
2.199332
2.257262
2.324624
2.29597
2.154339
2.14165
2.180824
2.09318
2.057571
2.080128
2.322341
2.40337
2.452896
2.419595
2.399727
2.418807
2.27235
2.375305
2.275212
2.343252
2.57677
2.506314
2.522935
2.669133
3.155058
3.24554
3.298635
3.274019
2.954717
3.099835
3.1694
3.171105
3.119891
3.103483
3.109706
3.026228
3.053185
3.06112
3.068294
3.131069
3.03542
2.884469
2.579795
2.701156
2.535425
2.382315
2.32688
2.393583
2.424376
2.39694
2.422696
2.414216
2.472835
2.562515
2.740196
2.761578
2.727825
2.658274
2.558878
2.740801
2.690828
2.57014
2.575706
2.57702
2.277929
2.320717
2.192435
2.198648
2.145595
2.190603
2.936942
2.385742
2.455146
2.500509
2.601729
2.381624
2.323439
2.134576
2.018294
2.166916
2.240755
2.251008
2.356443
2.393238
2.297867
2.340638
2.28696
2.545841
2.434674
2.379278
2.369824
2.435493
2.448162
2.45135
2.349088
2.338274
2.204137
2.139949
2.136143
2.089897
2.139611
2.025067
2.062467
2.12896
2.143731
1.917895
1.897754
1.794568
2.051738
1.966482
2.023887
2.15862
2.120199
2.126754
2.088549
2.083242
2.066415
2.063527
2.08732
2.077001
2.085515
2.215473
2.217356
2.204544
2.183054
2.193189
2.256237
2.295138
2.240801
2.191557
2.214162
2.209831
2.188367
2.157795
2.135609
2.15543
2.126171
2.323184
2.344671
2.47203
2.366525
2.544638
2.586548
2.552703
2.380367
2.380984
2.354364
2.434171
2.381379
2.356755
2.398926
2.429795
2.294321
2.33287
2.342975
2.310661
2.318672
2.274253
2.244246
2.138634
2.17506
2.179184
2.197755
2.246844
2.20231
2.097634
2.162406
2.178546
2.265495
2.320375
2.305285
2.270873
2.194769
2.14903
2.141406
2.167177
2.241772
2.160714
2.169665
2.165938
2.120347
2.057558
2.014028
2.166309
2.190816
2.185872
2.105855
2.142619
2.186044
2.207073
2.23875
2.172195
2.233769
2.257658
2.221139
2.218522
2.272541
2.274078
2.311234
2.405636
2.546683
2.734864
2.737636
2.835941
2.954977
2.918952
3.041405
3.495129
3.418212
3.429406
3.459529
3.555765
3.551676
3.18493
3.143895
3.14172
3.167534
3.241282
3.115842
3.128431
3.098376
3.02517
2.964597
2.766372
2.949544
3.07281
2.963748
2.991888
3.318208
3.28712
3.227883
3.187856
3.134514
3.266506
3.280591
3.083522
3.078667
3.10814
3.089041
3.061483
2.852924
2.950749
2.850474
3.075773
3.046214
3.025869
2.861272
3.012218
2.966618
2.967095
2.821957
2.818186
2.776641
2.753695
2.861859
2.844895
2.795828
2.816248
2.810855
2.878562
2.970401
2.946614
2.981708
3.040934
3.107642
3.121467
3.032525
2.997109
3.038494
3.084992
3.076269
2.991852
2.978919
2.973409
2.85301
2.828157
2.928035
2.742319
2.785812
2.807735
2.866586
2.882692
2.846931
2.947278
3.039324
3.040881
2.969349
2.970641
2.990717
2.855971
2.880804
2.80491
2.358597
2.385982
2.534958
2.6065
2.50566
2.412666
2.329068
2.294239
2.36051
2.390632
2.493419
2.424271
2.363862
2.39515
2.507474
2.596447
2.645146
2.63463
2.605977
2.552021
2.439715
2.508733
2.505174
2.529095
2.309378
2.210616
2.345225
2.210848
2.314163
2.284895
2.367657
2.526365
2.391724
2.386896
2.33114
2.243982
2.235246
2.216609
2.162098
2.216479
2.107618
1.998787
1.950403
1.949751
2.046265
2.225878
2.198544
2.224285
2.200824
2.180648
2.203377
2.160967
2.030916
2.155522
2.201906
2.097173
2.037607
2.03262
2.04342
2.073106
2.108425
2.043345
2.035508
2.009145
2.023994
1.979287
1.898673
1.930073
1.861838
1.807777
1.907392
1.932398
1.922012
1.902764
1.872817
1.861171
1.831836
1.842964
1.872853
1.86436
1.847724
1.875494
1.839973
1.877936
2.005817
2.017407
2.090021
2.348797
2.306901
2.167125
2.122097
2.091641
2.088018
2.071065
2.052545
2.163798
2.139742
2.078129
2.068218
2.062373
1.992658
1.986381
1.889582
1.945558
1.921674
1.919532
1.91313
1.833026
1.903497
1.913935
1.908726
1.805065
1.732426
1.645471
1.591342
1.620547
1.574199
1.510476
1.213521
1.471523
1.424204
1.432185
1.436116
1.399487
1.368019
1.36207
1.407463
1.50998
1.474857
1.486678
1.474404
1.421607
1.40638
1.429414
1.431665
1.393078
1.351646
1.348894
1.433746
1.402018
1.355921
1.377229
1.351729
1.390978
1.360563
1.43022
1.403052
1.363571
1.356423
1.341401
1.361842
1.386425
1.384877
1.384649
1.398908
1.407269
1.447551
1.543565
1.518544
1.463854
1.447323
1.445461
1.406576
1.384883
1.431878
1.415424
1.414238
1.360114
1.325014
1.3328
1.327276
1.322583
1.340259
1.347766
1.318691
1.317907
1.315574
1.325496
1.321221
1.38149
1.342373
1.344144
1.356606
1.355449
1.324998
1.376666
1.361828
1.391667
1.452635
1.47705
1.434683
1.394653
1.424871
1.431825
1.430028
1.439062
1.433676
1.424219
1.431575
1.400906
1.380665
1.369252
1.36743
1.384695
1.393152
1.387578
1.391959
1.413149
1.42472
1.387125
1.418285
1.420107
1.472807
1.476816
1.436101
1.426346
1.484111
1.433731
1.414036
1.400943
1.389199
1.360587
1.365368
1.372087
1.333704
1.357494
1.350033
1.349385
1.327661
1.306151
1.313527
1.328327
1.338338
1.3318
1.33175
1.3318
1.33075
1.33065
1.32885
1.32935
1.32905
1.32945
1.32935
1.3283
1.32815
1.32755
1.32815
1.32855
1.32895
1.32895
1.32875
1.32865
1.32865
1.32875
1.32875
1.32875
1.32965
1.32985
1.33015
1.33065
1.33055
1.328
1.32795
1.32765
1.32715
1.32695
1.32615
1.3263
1.32645
1.32625
1.32675
1.32655
1.32695
1.32715
1.32525
1.32565
1.32525
1.3236
1.32405
1.32475
1.32625
1.32685
1.32685
1.32615
1.32515
1.3246
1.32375
1.3231
1.32415
1.32555
1.32415
1.32485
1.32475
1.32455
1.32505
1.32465
1.32465
1.3245
1.32465
1.32435
1.32495
1.3251
1.32515
1.32545
1.32535
1.32595
1.32585
1.32585
1.32595
1.32585
1.32695
1.32705
1.32685
1.32645
1.32705
1.32715
1.32715
1.32765
1.32725
1.32625
1.32675
1.32655
1.32695
1.32655
1.32715
1.32715
1.32725
1.3273
1.32675
1.32705
1.32715
1.32715
1.32705
1.32795
1.32815
1.32805
1.32785
1.32895
1.32925
1.32945
1.32865
1.32895
1.32945
1.32925
1.32985
1.3298
1.32985
1.32975
1.32985
1.32965
1.32975
1.33005
1.3298
1.33045
1.33005
1.33015
1.32985
1.32975
1.33015
1.32995
1.32965
1.3294
1.32885
1.32915
1.32915
1.32905
1.32875
1.32765
1.32715
1.32745
1.32735
1.32765
1.32715
1.32785
1.32735
1.32765
1.32785
1.32785
1.32775
1.3269
1.32645
1.32615
1.32545
1.32595
1.32605
1.32575
1.32605
1.32605
1.32585
1.32625
1.32655
1.32655
1.32675
1.32605
1.32735
1.32825
1.32815
1.32715
1.32715
1.32715
1.32655
1.32635
1.32575
1.3263
1.32635
1.32575
1.32635
1.32595
1.32565
1.32505
1.3249
1.32485
1.32495
1.32505
1.32495
1.32525
1.32545
1.32595
1.32575
1.32595
1.32555
1.32555
1.32485
1.32395
1.32325
1.32425
1.3238
1.32335
1.32375
1.3235
1.32385
1.32385
1.32275
1.32275
1.32385
1.32375
1.32375
1.32395
1.32415
1.32385
1.32265
1.32255
1.32205
1.32135
1.32145
1.32155
1.32225
1.32235
1.32125
1.32115
1.32025
1.32135
1.32095
1.32145
1.32205
1.32235
1.32255
1.32295
1.32305
1.32335
1.32315
1.323
1.32295
1.32305
1.32325
1.32345
1.32365
1.32415
1.32415
1.32435
1.3248
1.32475
1.32515
1.32475
1.32525
1.32635
1.32685
1.32755
1.32685
1.32625
1.3268
1.32685
1.32695
1.32725
1.32735
1.32715
1.32695
1.32675
1.32745
1.32705
1.32715
1.32735
1.32815
1.32765
1.32835
1.32875
1.32825
1.32745
1.32765
1.32765
1.32775
1.32785
1.32775
1.32805
1.32805
1.32805
1.32805
1.32745
1.32755
1.3275
1.32755
1.32735
1.32725
1.32735
1.32635
1.32635
1.32655
1.32665
1.32665
1.32655
1.32695
1.29695
1.29635
1.29665
1.29685
1.29565
1.29505
1.29375
1.29335
1.29305
1.293
1.29145
1.29245
1.29335
1.2945
1.29385
1.2957
1.29685
1.29665
1.29635
1.29665
1.29675
1.29705
1.2964
1.296
1.29645
1.29565
1.29525
1.2963
1.29545
1.2954
1.29435
1.2942
1.29445
1.29385
1.29485
1.2952
1.29565
1.294
1.2941
1.2944
1.2947
1.29365
1.29365
1.2932
1.2934
1.2927
1.293
1.29345
1.29255
1.29245
1.29195
1.2922
1.2912
1.29125
1.29025
1.2899
1.28985
1.28905
1.2879
1.2868
1.2869
1.28785
1.28805
1.2882
1.2892
1.2904
1.29095
1.29015
1.291
1.29175
1.29145
1.29135
1.28995
1.289
1.28975
1.28985
1.2879
1.28875
1.28965
1.28925
1.28875
1.28865
1.28875
1.28875
1.28875
1.28875
1.28875
1.28875
1.28875
1.28875
1.2875
1.28765
1.2873
1.28775
1.28655
1.28895
1.2877
1.2871
1.28685
1.28605
1.28625
1.28525
1.28435
1.28415
1.2856
1.28705
1.288
1.28795
1.28665
1.2871
1.2869
1.28595
1.28675
1.28665
1.28675
1.28735
1.2873
1.28645
1.28705
1.28535
1.2833
1.28295
1.28115
1.28135
1.28065
1.2805
1.2794
1.27915
1.2783
1.2792
1.27955
1.2807
1.28025
1.283
1.28305
1.2818
1.28135
1.2821
1.28185
1.2813
1.2234
1.22825
1.2293
