6.526642
7.504351
7.383882
4.776164
5.110341
4.821883
4.381395
3.632948
3.498546
3.445516
3.765243
3.778341
3.743903
3.776921
3.492386
3.539837
3.466585
3.624326
3.725183
3.787197
3.766952
3.747295
3.808443
4.447355
4.616361
5.450052
3.844098
3.749783
3.509813
4.306536
4.303037
4.462687
4.349615
4.418631
4.345788
4.362478
4.876117
5.435583
5.215819
4.383469
4.122131
3.636693
3.304498
3.633435
3.434102
4.430445
3.747837
3.93707
4.390124
4.594658
5.310845
5.259992
4.853705
4.725382
4.613526
4.354839
3.896407
3.832914
4.01778
3.772999
3.936923
3.998229
4.529068
4.278079
4.396434
4.713704
4.894266
4.724707
4.775559
4.3591
4.335001
4.472953
4.424701
4.508584
4.669845
4.76204
4.689263
5.939967
5.813033
5.780049
6.357302
6.612277
5.919371
6.184025
6.058681
6.339338
6.138371
5.872391
6.108678
5.983658
6.131582
6.286849
6.299399
6.200674
6.742357
7.017254
6.585988
6.648994
6.495861
6.515581
6.691569
6.802726
6.639572
6.579536
6.306945
5.469208
5.92155
6.079551
5.413434
5.462667
5.349033
5.605543
5.492154
5.358716
5.290814
5.40642
5.191361
5.00828
4.486176
4.347078
4.540363
4.280136
3.820683
4.188706
3.650944
3.833144
4.119473
3.935252
4.07142
4.228221
3.999825
3.723969
3.910559
3.834995
3.904642
3.616745
3.617754
3.603481
3.59643
3.65856
3.557588
3.658143
3.705144
3.610543
3.791247
3.554883
3.495239
3.262284
3.13959
3.336407
3.524474
3.332178
3.249928
2.842962
2.950678
2.919067
2.900762
2.976607
2.910046
2.887889
2.65196
2.719685
2.704519
2.700415
2.618669
2.624646
2.561469
2.321818
2.17473
2.159445
2.03791
2.138348
2.120807
2.161518
2.047813
1.948078
2.04333
2.175767
2.734103
2.740285
2.594302
2.574536
3.080332
3.173574
3.105748
3.44831
3.319443
3.322426
3.310055
3.130263
3.184976
3.074527
2.910507
2.580061
2.241803
2.303595
2.221994
2.291354
2.282187
2.206497
2.630319
2.550405
2.603998
2.581556
2.58607
2.746641
2.666873
2.90928
2.914127
2.912069
2.90407
2.83545
2.839613
2.879395
3.101981
2.949643
2.851937
2.919396
2.753817
2.761107
2.904084
2.989313
2.878585
2.688954
2.848345
3.015941
3.087686
3.202881
3.11477
3.155985
3.035279
3.205102
3.269795
3.433142
3.395912
3.623934
3.753386
3.760632
3.88912
3.812253
3.963031
4.207955
4.358604
4.217616
3.995333
4.016846
3.927382
3.987761
3.92424
3.629615
3.527509
3.346352
3.197941
2.942793
3.254651
3.056271
3.410679
3.508559
3.584626
3.686987
4.012713
3.925533
3.807352
3.681489
3.702254
3.599143
3.530539
3.669195
3.805498
3.945238
3.705113
3.598564
3.814405
4.124101
3.986786
4.244492
4.49437
4.079948
3.627315
4.304884
4.288694
4.314626
4.08825
4.268755
4.301661
4.423393
4.302495
4.578469
4.520352
4.40604
4.267716
4.190209
4.216717
4.380158
4.091817
4.247897
4.286356
4.231877
4.104942
4.09604
4.010639
4.263191
4.263615
4.27518
4.262907
4.255969
4.539908
4.567896
5.076302
5.0012
4.633349
4.518617
4.505304
4.649427
4.652062
4.444535
4.484531
4.415065
4.480583
4.5177
4.58664
4.412857
4.414964
4.389513
4.376357
4.406765
4.260727
4.216974
4.325847
4.56699
4.810633
4.627561
4.758785
4.788741
5.102926
5.11054
4.89441
5.102997
4.582093
4.394848
4.270783
4.433234
4.158571
4.471532
4.834322
5.004435
4.79214
4.381978
4.059804
3.666713
3.687255
3.536418
3.479354
3.368275
3.684762
3.629734
3.742063
3.760673
3.844146
3.620848
3.104793
3.011632
3.074285
2.975731
1.649203
1.805445
1.836248
1.937005
1.667739
1.732556
1.75514
2.064458
2.163002
2.158088
1.924433
2.093227
2.140748
2.079706
2.170453
2.026574
1.974846
1.862776
1.975713
1.959177
1.979209
1.985262
1.980518
2.026229
2.066584
2.382057
2.34788
2.472011
2.584913
2.307957
2.304524
2.332218
2.261155
2.346514
2.275421
2.416028
2.387021
2.503847
2.402225
2.288045
2.287857
2.379024
2.405001
2.756544
2.882564
2.799384
2.770285
2.8141
2.951457
2.756828
2.847445
2.87866
2.777146
2.773385
2.706942
2.673258
2.728238
2.821946
2.758808
2.518277
2.398776
2.483574
2.542297
2.519341
2.47606
2.552264
2.54148
2.593554
2.602924
2.698328
2.52056
2.650378
2.60369
2.526007
2.613055
2.578386
2.605861
2.659643
2.67967
2.812186
2.734456
2.850683
2.754056
2.90427
3.111725
3.109037
3.057735
3.026901
3.148531
3.129249
3.116704
2.771308
2.863495
2.879668
2.771541
2.713403
2.723479
2.701179
2.655319
2.5908
2.614185
2.607178
2.681118
2.773338
2.683902
2.624457
2.619405
2.441162
2.514017
2.645176
2.59541
2.656286
2.682292
2.692835
2.773056
2.925243
3.019436
3.240814
3.55142
3.800761
4.06097
3.942199
4.015897
3.875738
3.955175
4.036373
4.07792
4.141174
4.363539
4.189864
3.880807
3.996589
4.01312
3.955487
3.817853
3.905024
3.805035
3.588862
3.750459
3.640441
3.719433
3.792371
4.063536
3.891798
3.854832
4.01016
4.159565
4.176072
4.020471
4.431723
5.283985
5.472078
4.930304
5.976281
6.149699
6.094086
6.092039
6.221525
5.937772
5.838898
5.668452
6.303447
5.632923
6.436454
8.524182
8.148607
8.43417
7.743117
7.286875
7.58185
7.307237
7.635519
7.211945
7.246294
6.654108
4.98159
5.510225
4.928317
5.185611
5.054928
4.956163
5.334658
5.318573
5.360699
5.611047
5.281725
5.390729
4.88049
5.139397
5.071557
4.968437
4.944418
4.66629
4.096379
4.219707
3.847973
4.483398
4.796348
4.604376
4.734845
4.857026
5.250555
5.366342
5.129178
4.908415
5.018135
5.306819
5.382198
4.732915
4.886457
5.045788
5.157042
5.5257
6.07976
5.985076
6.015588
5.748968
5.76013
5.393416
5.465192
5.763817
5.506773
5.043463
5.255575
5.429046
5.369671
5.555654
5.29901
5.15222
5.156986
4.807917
4.629767
4.624764
4.620131
4.735605
4.610165
4.476974
4.385509
4.51378
4.871086
4.617722
4.803346
5.133563
5.078481
5.033868
5.03527
5.210965
5.047429
4.980141
5.100542
5.286475
5.100668
5.090635
5.270237
5.891257
5.463235
5.800813
5.950363
5.923682
5.328975
5.359953
5.43474
5.425222
5.554779
5.269285
5.499684
5.503933
5.072773
5.257667
5.207972
5.095839
4.733816
4.805366
4.659645
4.710151
5.06927
5.189534
5.223816
5.298395
5.477831
5.359907
5.330061
5.292679
5.025793
5.042946
4.950387
4.377698
4.949012
4.914845
4.788787
4.827109
5.356299
5.627254
5.436162
6.493203
5.868556
5.414613
5.813898
5.99677
6.216816
6.680487
6.27502
5.951445
6.539396
6.430042
5.721387
5.699717
6.222699
6.439321
7.938737
9.029066
8.506617
9.494008
8.977408
8.903162
7.15372
8.013667
8.311103
8.240555
7.758843
7.71999
6.988882
8.129528
7.9829
8.049342
8.137376
9.211414
8.904539
9.28189
9.186594
12.159788
12.016808
13.916703
14.236932
15.086408
15.002435
17.77508
21.196404
20.249653
19.243099
22.46044
25.18671
23.864613
23.137821
22.869371
21.75672
21.591427
21.306215
20.128941
19.499603
17.763395
18.815697
19.170727
17.622765
18.610485
18.822123
21.437494
18.915333
18.692411
18.933809
19.493658
19.355236
21.134581
19.638775
19.289438
18.589968
19.382959
18.553705
20.035564
21.030008
20.911053
22.235558
22.291996
20.905706
20.507261
19.333803
18.782862
17.590815
17.210569
18.966719
18.705624
19.308496
20.276844
19.977789
19.110123
19.644238
20.412689
20.268381
21.737732
21.462709
21.773485
19.583048
20.519001
21.399586
21.055864
23.345903
22.046228
23.865889
27.101286
27.974222
25.57723
24.647556
21.377644
19.285639
21.250105
19.635147
18.772326
20.477583
18.394213
18.650671
22.07423
23.048372
22.956919
22.125027
22.727736
23.819658
23.097263
22.967476
21.042288
24.762707
25.533276
28.747248
29.43515
28.779552
25.336287
26.905968
22.678209
23.548014
25.768257
24.579725
24.323753
21.109043
22.823763
13.937352
16.99843
13.562068
12.237845
11.738483
14.442594
13.910778
15.263936
14.419514
12.718081
12.068324
12.588837
13.994122
13.757418
14.852793
16.637295
15.084727
14.873798
15.098884
13.414451
13.630867
13.939135
12.808161
11.937148
11.618665
12.500147
12.61108
13.360295
13.38144
13.600368
12.429534
11.941558
12.013412
9.548276
8.973301
10.097492
10.339783
9.14111
9.543618
10.049684
10.848782
11.579712
12.003516
11.110389
11.764925
11.817927
12.263548
13.548475
13.159371
12.926386
11.928683
13.164699
14.400947
14.062595
13.045657
12.113472
11.749421
11.431246
11.179139
11.000161
10.983058
9.958948
9.485714
10.417186
11.377149
11.459868
11.452106
11.45176
11.408082
11.713592
11.558524
11.761094
12.150324
12.606651
12.362028
12.486718
12.088598
12.787025
13.024025
13.580483
14.007086
13.132249
13.68209
14.094296
14.599298
14.038819
15.207443
15.551835
15.904951
15.85326
15.994037
17.997229
18.682081
18.921852
22.094786
21.857561
21.831253
19.624647
19.973631
17.970554
20.459877
21.336056
21.201059
22.100243
22.872099
25.351999
24.144255
24.135107
24.434271
25.755358
25.116592
20.905874
20.529243
27.003868
29.442146
27.286066
34.999603
35.62862
34.104836
34.131905
36.905796
33.413315
40.85437
44.542789
33.792114
30.442259
39.983849
41.515232
42.793621
39.515087
39.619591
37.341057
33.668217
33.950531
36.212109
37.837257
38.756966
38.790665
36.717442
36.730343
35.211025
36.727562
34.983521
35.217793
32.514603
32.069401
33.472439
34.64904
33.776123
33.010197
33.139481
32.41433
31.885782
35.129238
35.88065
34.329605
34.041546
35.773846
34.295216
35.271374
43.216393
36.762371
38.065865
39.417236
37.270882
37.263218
37.357956
37.066208
38.418926
37.516636
36.902592
36.29985
35.71666
36.697166
35.838333
32.112068
33.077744
32.037327
32.548664
31.880812
31.432011
28.411581
29.371544
26.643614
28.141193
29.41876
31.039986
32.068542
32.1301
30.414713
29.78665
26.93325
26.786036
27.404688
28.125826
27.549656
26.709431
28.375084
32.675556
28.1259
24.625229
24.41733
24.376648
25.243172
22.495831
22.576283
24.412264
24.574207
21.760569
21.213074
22.295862
21.753647
21.21701
23.180323
22.143183
21.506165
23.594883
27.293436
28.345879
26.895191
29.61705
32.204071
29.635113
26.627062
27.964523
30.256615
32.469742
36.170464
35.603455
39.300068
41.987125
38.793358
40.170525
38.530586
35.912716
34.97559
37.852783
38.737686
40.189404
37.630642
40.461487
39.223259
43.605412
39.209087
38.314236
37.115276
39.058186
34.417976
29.150391
34.396851
35.9067
35.800282
32.345074
30.092173
29.457888
29.065109
27.159294
28.137527
28.936157
26.375572
29.481501
31.032976
30.798967
31.25108
31.674353
30.480455
30.902407
29.139057
26.549461
27.043846
26.346109
27.18
28.938135
28.533709
27.994587
26.959608
26.688852
26.241549
23.84042
24.861736
25.287458
24.945091
27.225927
29.807392
26.751556
31.42602
31.117987
32.223839
34.110039
30.548862
30.988174
28.128136
28.409777
27.845692
30.100052
28.045383
27.5289
27.219019
26.297186
26.839888
26.909143
29.000275
28.178936
28.698248
28.644878
27.794453
27.98476
28.04451
28.210022
29.193338
28.131601
28.818962
29.893732
29.45587
30.267681
30.103006
28.895994
29.387047
31.389738
31.960297
30.891443
29.325708
26.897236
27.722088
26.872952
27.279665
26.590843
23.785769
24.645935
24.703436
23.97237
24.109035
24.196865
23.297098
24.055586
24.646391
24.292837
23.305845
23.089931
23.271534
22.33036
22.133928
20.346748
21.50631
20.754421
19.479776
17.880938
18.026411
17.813141
17.593531
19.876862
17.853285
17.67411
16.475998
15.697351
12.804971
13.604044
10.72713
9.709325
10.313547
10.824625
12.352566
11.01766
11.478095
10.141709
10.860644
11.205778
11.051975
11.424871
11.132798
11.082132
10.739818
9.643618
9.252514
9.430499
9.588885
10.531657
10.285811
9.364421
9.634683
9.183682
9.234827
9.186872
9.483314
9.227181
8.764009
8.786901
8.096809
7.532123
7.141839
6.45712
6.36817
7.28522
6.323434
6.392191
6.0827
6.77089
6.81212
6.928954
7.074684
8.14294
8.278867
8.655739
8.044571
7.827322
7.332913
7.368021
7.526677
8.085876
8.065836
8.097222
8.764914
8.974499
8.908925
9.373816
9.03253
8.996604
8.797947
8.193391
7.804078
8.208751
8.974957
9.054348
9.218372
8.908313
9.594791
10.546809
9.702709
11.072612
10.668407
10.11098
10.014191
9.011585
9.213734
10.296171
10.867675
11.203306
10.687338
10.375255
10.426343
9.94406
10.170477
10.368666
10.968158
10.631625
11.3688
11.785871
11.391568
11.951427
11.752809
12.057383
11.887313
11.594617
11.419606
11.410577
11.706193
11.479851
10.79063
10.245848
10.642571
11.084868
12.117525
13.016421
12.869333
11.499005
11.194564
10.511011
11.440899
11.90143
11.816585
12.734408
12.62969
12.633242
13.002376
12.647425
11.817024
12.962963
13.896742
16.085571
16.048185
15.682128
15.507442
14.056378
13.991027
14.90668
16.594307
16.470419
14.673307
15.634607
13.933609
13.458955
14.64986
14.223233
13.656345
14.017521
13.896989
13.519327
13.029163
12.795926
13.01608
12.679998
12.025122
12.87794
13.027277
12.99688
12.995859
13.054282
13.123012
13.204748
12.465967
12.16322
11.750685
11.356224
11.636064
11.525927
11.712131
12.428784
12.515144
11.767642
11.38582
11.742949
11.71712
12.111276
11.65908
12.019708
12.283951
12.69269
13.563468
13.459847
13.934368
14.322818
14.10583
13.294817
13.50875
15.038064
15.39751
14.480299
14.26811
12.153721
9.790707
12.139563
11.652874
10.927193
10.176499
10.299619
10.549886
10.162677
9.912333
9.994872
9.990427
9.349942
9.02641
9.532085
9.91029
10.151303
10.017137
10.104791
9.928854
9.86353
10.189475
10.499137
10.256523
10.358305
10.040153
10.266463
10.261436
10.170246
9.606065
9.822476
9.750949
9.941337
9.54297
9.61525
9.736173
9.609139
9.426628
8.588584
8.797897
8.864654
8.64258
8.961081
8.846572
8.988634
8.91108
8.971211
9.020415
9.181097
9.214448
9.121023
9.346431
9.364175
9.348599
9.464469
9.802422
10.161021
10.198363
10.076512
10.250513
10.194783
10.53848
11.126633
11.32878
11.834738
12.274692
12.399484
12.894696
12.793481
12.331189
12.176
11.568392
12.027596
13.168039
13.100452
13.311491
13.095695
12.452151
13.570132
13.113638
13.513528
13.206392
13.819515
13.056948
13.379325
14.868429
14.363241
14.996407
14.679261
14.754556
14.142922
14.957318
15.146101
13.50215
13.709134
13.758607
13.537373
13.140862
13.410724
14.273047
13.421861
14.19525
14.30152
14.134859
14.410756
13.86647
13.588721
13.729288
13.082517
12.835
12.971451
12.783857
12.264472
12.771041
12.450935
11.998372
11.832651
12.025496
11.987174
11.748341
10.962331
11.008208
11.150266
11.117723
11.774877
12.011922
13.069165
12.445143
12.851852
13.185644
12.228092
12.346331
11.555725
11.943935
11.340572
11.699126
11.200934
11.107028
11.327769
10.844813
11.229664
11.429058
11.146181
11.18745
11.400553
11.125761
11.16525
11.278219
11.529481
11.329966
11.055418
10.956897
11.040396
11.186287
11.278845
11.356744
11.819425
12.262309
12.394587
12.697115
12.341851
12.55478
11.709097
11.392242
10.803689
11.041814
10.82701
10.885918
11.05388
10.924459
11.527786
11.719166
11.719993
11.57306
11.0083
11.040736
11.100059
10.981951
11.231049
10.859297
11.005036
10.617471
10.396069
10.997883
11.046224
11.164373
10.895848
10.915788
10.805232
10.882347
10.935615
10.7518
10.609885
10.614003
10.477791
10.487076
10.52455
10.418464
10.488067
10.534508
10.546694
10.937503
10.756917
10.840366
10.464145
10.3272
10.656247
10.701609
10.751866
10.017903
10.159593
9.428719
9.444659
9.171861
8.244615
8.444516
8.754095
8.64478
8.482905
8.663456
8.755252
8.903651
8.559379
8.591794
8.781207
9.053521
9.016958
9.3109
9.384396
9.47075
9.189369
9.424848
9.137046
8.992056
9.288174
9.562376
9.588063
9.933247
9.689381
9.408117
9.208088
9.172386
9.211047
9.433234
9.250607
9.203163
9.071144
9.900477
9.799743
9.70509
9.391099
9.443839
9.283979
9.187537
9.355948
9.430829
9.254435
9.287365
9.011807
8.957772
8.986245
8.910801
9.035377
9.078164
9.002389
8.859604
8.974901
8.713351
8.620657
8.482665
8.502888
8.475853
8.483982
8.526094
8.537759
8.409074
8.343222
8.416136
8.373978
8.509432
8.104029
7.792254
7.427072
7.577132
7.706826
7.8655
7.546622
7.389942
7.425846
7.204529
7.2443
7.155114
7.179
7.265204
7.436326
7.224955
6.920789
6.664157
6.828084
6.808622
6.719969
6.813491
6.888483
6.93723
6.833853
6.850561
6.661048
6.370999
6.381011
6.543868
6.835611
6.926131
7.147991
6.94622
7.379036
7.510188
7.276811
7.1811
7.134265
7.082995
6.978529
7.038658
6.955625
6.96741
7.108081
7.110103
7.241119
7.564339
7.154543
7.069598
6.970643
6.838069
6.914849
6.963348
6.943636
6.829002
6.681616
6.705511
6.587175
6.563008
6.586166
6.603029
6.634135
6.445323
6.29964
6.266321
6.412899
6.626347
6.749467
7.016096
6.98909
7.116574
7.158261
7.030354
7.184305
7.31687
8.106802
7.9345
7.880958
7.844842
7.758009
8.114064
8.375171
8.734998
8.470746
8.679195
9.027598
9.201963
9.238029
9.531819
9.206845
9.101849
9.6717
9.59105
9.398934
9.230511
9.383025
8.973598
8.249315
8.814625
8.749003
8.90309
9.479573
9.930933
9.305076
9.24633
9.220939
9.255597
9.462127
9.640365
9.543779
9.746048
9.894027
9.743257
9.90389
10.407621
10.484677
10.666179
9.861038
11.717423
11.621902
11.550127
10.8873
12.054756
11.130992
10.880044
10.415341
10.662838
11.401319
11.401579
11.347039
11.244525
11.93214
11.616012
11.965517
11.429394
10.991527
10.766783
10.59196
11.197029
10.983018
9.93285
10.264856
10.313005
9.830917
9.408579
9.956762
9.657955
10.380351
10.670727
9.964219
10.209227
9.985925
10.18907
10.286283
10.140358
9.69058
9.703624
9.83226
9.631036
9.181391
9.217303
9.344945
9.224383
9.633867
9.673403
9.423107
9.66109
9.412413
9.100729
9.135396
9.161083
9.050519
8.962186
9.045736
9.123825
9.589556
9.637903
10.01999
9.973591
9.737348
9.935027
10.299542
10.242606
10.334211
10.243735
10.279834
10.582174
10.746743
10.368412
9.98249
9.780396
9.968556
10.413626
10.372126
11.136368
11.212992
11.412553
11.285693
11.638577
12.201697
12.168292
12.47743
12.027962
14.204863
13.921242
13.421887
13.378081
13.171441
13.711905
13.414415
14.119289
13.656614
12.624008
11.930628
12.268336
11.730895
10.87871
11.749961
11.634141
11.389865
11.34389
11.611394
12.185326
12.216667
12.639974
12.298833
12.532543
12.269066
12.295456
11.654643
10.97305
10.840879
11.015573
10.906998
11.110378
11.085117
11.305078
10.835424
10.810778
10.755186
9.387263
8.09205
8.361626
8.136924
8.167922
8.041481
8.205324
8.162456
8.67612
8.740613
8.921037
8.702822
8.402761
8.318687
8.295399
8.389909
8.199842
8.154971
8.466941
8.742611
8.651612
8.768824
8.694795
9.336216
9.20468
8.941096
9.087151
9.122843
8.647079
8.5008
8.479361
8.395989
8.126511
8.447391
8.530762
8.661224
8.602483
8.208974
8.922191
8.782472
8.555723
8.353194
8.453418
8.491293
8.402209
8.689178
8.719165
8.626333
8.54569
8.306346
8.323976
8.289016
8.336576
8.535199
8.692577
8.617699
8.098859
7.759524
7.881794
7.853382
7.520244
7.775824
7.43537
7.11345
7.142674
7.216837
6.997442
6.698558
6.886108
6.836057
6.786554
6.741094
6.693803
6.832122
6.94379
6.789191
6.951858
6.714408
6.594273
6.720983
6.809519
6.797081
6.372374
5.990478
5.70779
6.077686
5.789626
5.827039
5.935658
6.035294
5.940022
6.153417
6.21135
6.226527
6.507891
6.613368
6.489888
6.310193
6.508486
6.527946
6.540921
6.26903
6.173941
6.021908
5.921974
6.171649
6.345903
6.22115
6.10974
6.005259
5.809205
5.782392
5.356243
5.129635
5.039577
4.652443
4.898071
4.835785
5.148725
5.089174
5.206541
4.902617
5.073094
5.007931
4.774126
4.515401
4.561169
4.610622
4.566294
4.635152
4.791336
4.748808
4.69257
5.099201
5.345083
5.063718
4.896785
4.59826
4.597293
4.606345
4.644638
4.558492
4.306014
4.437537
4.108258
4.070439
3.905447
3.71599
3.666087
3.803572
4.089438
4.133988
4.164056
4.143357
4.210103
4.239843
4.062117
3.97199
4.18951
4.368452
4.509689
4.525493
4.720376
4.595764
4.581383
4.821232
4.77866
5.009742
5.143048
5.01868
5.030847
4.72844
4.446818
4.438155
4.380322
4.615434
4.631184
4.644477
4.423183
4.344848
4.228868
4.13282
4.275373
4.350615
4.336761
4.510873
4.481296
4.440075
4.298859
4.350519
4.466483
4.683897
4.90099
4.783627
4.621183
4.835344
4.395152
4.369683
4.449714
4.458472
4.531563
4.455388
4.232467
4.170942
4.092437
3.979601
3.911592
4.202727
4.517258
4.528315
4.707364
4.798704
5.264927
5.666095
5.331462
5.121818
4.951432
5.264335
6.106047
5.680302
6.46713
6.273525
6.20522
6.426659
7.527682
8.222425
8.750693
7.941208
8.014675
8.334799
8.236904
8.768581
8.58802
8.918918
9.505505
9.607384
9.93328
9.65967
10.420403
10.202283
10.133847
8.427105
7.944005
8.830167
8.945185
9.194757
8.966393
9.096175
8.89153
8.525103
7.651524
6.842153
6.909795
6.516861
6.398768
6.936603
7.05085
6.935168
6.481401
6.448174
6.602363
6.289591
6.342751
6.185038
6.527607
6.698767
7.403658
7.299886
7.343754
7.455204
6.780766
6.467559
6.389211
6.648062
6.614791
6.458797
6.282827
6.27549
6.678084
6.587852
7.062733
6.595145
5.889194
6.069368
6.231989
6.192392
6.11864
6.208317
6.193555
6.105193
5.985715
5.672664
5.825967
6.218666
6.23639
5.834677
4.866881
4.926319
4.694783
4.678768
4.404636
4.368864
4.573163
4.577904
4.813379
4.708156
5.079436
4.991088
4.916038
4.830593
4.760388
4.815005
4.564886
4.686964
4.923622
4.764019
4.964461
4.875961
4.356111
4.454795
4.593542
4.563659
4.63527
4.493524
4.905647
4.226729
4.162651
4.332084
4.262396
4.257639
4.108168
3.802174
3.592213
3.880939
3.892607
3.906489
4.28828
4.651374
4.62616
4.632328
4.726139
4.751114
4.678827
4.591538
4.877639
4.803366
4.951972
4.840895
4.885846
4.811305
4.546015
4.243151
4.313942
4.373696
4.375487
4.22222
4.642676
4.978068
4.805298
4.43874
4.333687
4.163844
4.533538
4.334009
4.244882
4.352557
4.144315
4.12822
3.979741
4.020336
4.110084
4.124811
4.213149
4.154053
4.063903
4.310329
4.407394
4.551069
4.544546
4.591107
4.384881
4.462226
4.380782
4.300281
4.428569
4.367852
4.223286
4.095194
4.070269
4.111199
4.168043
4.53434
4.935946
5.376644
5.31117
5.236155
5.28249
5.09441
4.859989
4.811341
4.718427
4.96654
4.78395
4.846392
4.983259
5.214661
4.790619
4.721083
4.793062
4.778651
4.757533
4.83534
4.612863
4.294672
4.350728
4.366435
4.470814
4.41752
4.279102
4.092251
4.184267
4.309267
4.267652
4.435803
4.597213
4.510848
4.23667
4.130984
4.091464
4.093523
4.145319
4.028578
4.014912
4.039867
3.929861
3.78141
3.716501
4.080686
4.073604
4.000177
3.894973
3.925198
3.995666
4.206427
4.094664
3.930719
4.173093
4.183225
4.002114
4.011943
4.079704
4.045331
4.12586
4.313157
4.61607
4.646693
4.583495
4.683666
4.554561
4.668866
4.747238
4.869306
4.855073
5.018535
5.181465
5.192873
5.109463
4.70212
4.624829
4.70903
4.766971
4.874797
4.625327
4.612501
4.418667
4.213045
4.149093
4.092273
4.274301
4.311883
4.226774
4.325854
4.467209
4.604598
4.731931
4.66398
4.492879
4.700168
4.858596
4.523953
4.455841
4.572152
4.626181
4.465242
4.286515
4.470341
4.42479
4.81804
4.885767
4.785521
4.416413
4.527411
4.49101
4.782789
4.48366
4.503922
4.466218
4.386581
4.427257
4.52103
4.395069
4.439849
4.41159
4.485192
4.542984
4.58864
4.678362
4.693695
4.750233
4.826251
4.642557
4.508825
4.549313
4.610568
4.675648
4.478713
4.452679
4.406613
4.161651
4.132289
4.153704
4.008577
4.117621
4.115672
4.182081
4.117443
4.097751
4.131414
4.311779
4.281917
4.13697
4.150839
4.273219
4.05948
4.171696
4.059793
2.963901
3.144305
3.489015
3.64516
3.474963
3.334879
3.251837
3.153008
3.184334
3.228789
3.27574
3.189532
3.115382
3.183097
3.185267
3.151079
3.256401
3.179068
3.101052
3.09571
2.952604
2.961235
3.029466
3.071705
2.505615
2.50935
2.670983
2.647358
3.040704
2.952987
2.97021
3.101082
2.942642
2.889254
2.875117
2.802341
2.852165
2.767429
2.701194
2.758685
2.725152
2.739822
2.515924
2.509819
2.492277
2.50112
2.465958
2.526135
2.520763
2.440634
2.428104
2.378329
2.267815
2.36678
2.399583
2.313457
2.199443
2.238516
2.178765
2.24604
2.327369
2.272309
2.185371
2.138983
2.182497
2.105101
2.048336
1.997038
1.941025
1.852271
1.963792
1.980942
1.940376
1.948468
1.96945
1.979811
1.957086
2.044856
2.081378
2.073132
1.963394
1.965974
1.926895
2.065787
2.16483
2.238555
2.337571
2.369118
2.535698
2.431808
2.456058
2.582678
2.568611
2.569358
2.479394
2.630281
2.583576
2.475733
2.492244
2.565783
2.427838
2.454567
2.292578
2.378847
2.330321
2.36467
2.329938
2.235332
2.217358
2.242364
2.2349
2.12523
2.105141
1.968579
1.912534
1.979315
2.027623
1.992719
1.814205
1.985081
1.989758
1.950185
1.960301
1.921157
1.938898
1.966329
2.119236
2.181836
2.137757
2.291483
2.238426
2.340473
2.287862
2.357633
2.312372
2.250324
2.117699
1.994759
1.93846
1.879784
1.850659
1.849596
1.799858
1.843998
1.814106
1.880073
1.838751
1.808285
1.783721
1.736723
1.741681
1.78804
1.83969
1.836932
1.859379
1.870667
1.859895
1.976456
1.960314
1.906463
1.81236
1.832264
1.794554
1.768171
1.784296
1.785528
1.765099
1.697249
1.673212
1.665733
1.642721
1.665753
1.704373
1.675671
1.665391
1.688223
1.713108
1.694721
1.702661
1.805186
1.779778
1.800158
1.806976
1.778451
1.725262
1.77988
1.745031
1.765007
1.809356
1.8351
1.785286
1.758123
1.799463
1.844161
1.868827
1.913723
1.988635
2.031604
2.003289
1.98797
1.953849
1.927167
1.888245
1.896314
1.883349
1.875399
1.889265
1.884043
1.90087
1.884843
1.949504
1.935894
2.014864
2.043792
2.104504
2.041115
2.045645
1.927992
2.042764
2.02882
2.07235
2.040782
1.989201
2.049808
2.070719
2.106691
2.048562
2.135595
2.209373
2.128293
2.061838
2.013386
2.012363
1.944
1.9445
1.944
1.9445
1.9445
1.9425
1.9425
1.943
1.944
1.9445
1.9445
1.944
1.9425
1.9425
1.9415
1.9425
1.9435
1.9435
1.943
1.944
1.944
1.9435
1.9435
1.945
1.9455
1.9475
1.9495
1.949
1.949
1.9495
1.9475
1.947
1.946
1.944
1.9395
1.9435
1.9425
1.9425
1.9425
1.942
1.9415
1.9375
1.9395
1.9405
1.9375
1.9385
1.9385
1.9395
1.9395
1.9375
1.936
1.937
1.9335
1.9335
1.9345
1.9365
1.9365
1.9375
1.9375
1.934
1.934
1.9335
1.9325
1.9325
1.9325
1.932
1.932
1.9315
1.9315
1.9325
1.9325
1.9325
1.9325
1.9335
1.9325
1.9325
1.9325
1.935
1.935
1.9325
1.9305
1.9305
1.9305
1.9305
1.9315
1.9315
1.9305
1.9315
1.9295
1.928
1.9285
1.9305
1.9305
1.9295
1.93
1.929
1.9305
1.9305
1.9295
1.9295
1.9305
1.931
1.9305
1.9305
1.931
1.9325
1.9325
1.9315
1.9305
1.932
1.932
1.9305
1.9305
1.9305
1.931
1.9285
1.9285
1.9275
1.9295
1.93
1.928
1.9285
1.9285
1.9275
1.9275
1.9275
1.928
1.9255
1.9275
1.9275
1.9285
1.9285
1.928
1.9285
1.925
1.9235
1.924
1.9255
1.9255
1.925
1.9255
1.925
1.9245
1.9315
1.9315
1.93
1.9285
1.9295
1.9275
1.9265
1.9265
1.9265
1.9265
1.9275
1.928
1.928
1.928
1.929
1.929
1.929
1.929
1.9295
1.9325
1.931
1.9285
1.927
1.9275
1.9275
1.9275
1.9275
1.9285
1.929
1.9295
1.928
1.9285
1.9275
1.927
1.926
1.927
1.926
1.926
1.9275
1.927
1.9275
1.9255
1.9255
1.9255
1.925
1.923
1.9225
1.923
1.923
1.925
1.9245
1.926
1.9255
1.9255
1.9255
1.925
1.9245
1.9285
1.9275
1.9285
1.9285
1.928
1.928
1.9275
1.9275
1.9275
1.927
1.9255
1.926
1.9275
1.929
1.9275
1.928
1.925
1.9245
1.927
1.9285
1.9285
1.929
1.929
1.9295
1.93
1.9305
1.9275
1.927
1.9285
1.9285
1.9285
1.928
1.928
1.928
1.923
1.923
1.923
1.923
1.923
1.9225
1.923
1.923
1.924
1.922
1.9225
1.9215
1.925
1.925
1.9245
1.925
1.9245
1.9235
1.9235
1.922
1.9225
1.922
1.9215
1.9205
1.9215
1.921
1.9225
1.924
1.9255
1.926
1.928
1.9285
1.929
1.929
1.9285
1.9355
1.9355
1.9375
1.935
1.9355
1.9355
1.9355
1.9355
1.9355
1.9355
1.9345
1.934
1.9325
1.9325
1.9325
1.9325
1.9325
1.9385
1.9045
1.902
1.902
1.9005
1.9005
1.9005
1.8995
1.899
1.899
1.898
1.898
1.8995
1.8995
1.901
1.901
1.9055
1.908
1.908
1.907
1.9035
1.902
1.9035
1.9035
1.9045
1.9045
1.904
1.904
1.904
1.904
1.903
1.9015
1.901
1.901
1.901
1.9015
1.903
1.9045
1.9035
1.9045
1.9045
1.9075
1.906
1.905
1.9015
1.902
1.899
1.8965
1.8975
1.8945
1.895
1.8945
1.8945
1.8945
1.8935
1.8915
1.891
1.8915
1.8925
1.8935
1.8925
1.8915
1.893
1.891
1.8895
1.8895
1.8885
1.89
1.8905
1.8915
1.893
1.895
1.893
1.891
1.8905
1.8905
1.8905
1.888
1.887
1.8885
1.8885
1.887
1.8875
1.8875
1.8875
1.8875
1.8875
1.8875
1.8875
1.8875
1.8875
1.893
1.8905
1.889
1.8905
1.891
1.892
1.892
1.889
1.889
1.888
1.8875
1.8855
1.884
1.8855
1.887
1.8875
1.8875
1.8885
1.889
1.8885
1.8895
1.8905
1.891
1.8915
1.8895
1.8895
1.8895
1.8875
1.8875
1.8875
1.881
1.88
1.8825
1.8815
1.8815
1.881
1.8795
1.878
1.8735
1.876
1.874
1.88
1.8795
1.883
1.8825
1.8825
1.8805
1.879
1.879
1.878
1.8455
1.844
1.844
